2366606564443,2679873
2366652892681,2629170
2366699091599,2586749
2366732629281,2612943
2366742966988,2634205
2366762177630,2473618
2366786888638,2655077
2366806575078,2488322
2366812017902,2429459
2366834641916,2483351
2366838974423,2383831
2366856819024,2705129
2366876431494,2506033
2366885127396,2482830
2366899243850,2674979
2366908904003,2443661
2366922378522,2506031
2366929147866,2497927
2366947675180,2663290
2366952349546,2464388
2366966988044,2350948
2366975005974,2501572
2366984290890,2547780
2366992566484,2485350
2367001211592,2470102
2367016636009,2636052
2367020968412,2437428
2367025120211,2506149
2367044052283,2450129
2367048672587,2599431
2367060414181,2539947
2367069275884,2869985
2367071947843,5142219
2367074612511,4340562
2367090575124,2421118
2367099065304,2669264
2367101653909,4959799
2367112308516,2367001
2367116546554,2490131
2367124643533,2481483
2367134646164,2495860
2367138548852,2453483
2367143345121,2440049
2367146719820,2490961
2367158572642,2535556
2367169088141,2616281
2367171798235,5193045
2367174463464,4367293
2367188169386,2442662
2367196735793,2568557
2367199395690,5039505
2367204655151,2385378
2367212856877,2552244
2367220590618,2586657
2367223263888,5056876
2367225806199,3779741
2367238394271,2466572
2367248481608,2538721
2367251129800,5017543
2367253724967,4063710
2367256432157,2453292
2367268341832,2521413
2367274648177,4087901
2367281273652,2533512
2367285034833,3787904
2367288874157,2549787
2367296510482,2451450
2367300495824,2432005
2367304473409,2349873
2367308625040,2466882
2367316586309,2476683
2367324392521,2478250
2367328299304,2434670
2367333158762,2539008
2367335682781,4947372
2367344300880,2512268
2367348972045,2470178
2367352485395,2460733
2367356285527,2497514
2367360419365,2579481
2367368738405,2557317
2367372818443,2481359
2367379037995,2592081
2367381846762,5285461
2367384531112,3687895
2367392351298,2438916
2367402722460,2560614
2367405395840,5146970
2367408134655,3969252
2367410774723,3097668
2367414161573,2396428
2367422360956,2310019
2367426581676,2378390
2367430918036,2442248
2367434673470,2578228
2367438363820,2559020
2367446941033,2444078
2367450621987,2446761
2367455139518,2504400
2367457811665,5083813
2367460453652,3178829
2367464167067,2367122
2367472470384,2534472
2367476684073,2452632
2367480834650,2443708
2367485116672,2386245
2367488764498,2429224
2367492293738,2386537
2367496380875,2436026
2367504778295,2397624
2367507563110,5101039
2367510272744,4165761
2367512933516,2887634
2367516544073,2548093
2367520665228,2447735
2367524648244,2466469
2367528579529,2524297
2367532974858,2435886
2367536615692,2457314
2367544650768,2602064
2367547251671,5142828
2367552937732,2521978
2367557663690,2664618
2367560375793,5240512
2367563071773,4628553
2367565582029,2835854
2367569389224,2514641
2367572712875,2450121
2367576833463,2436311
2367584794263,2406932
2367588879170,2433996
2367592408543,2489312
2367596630916,2549438
2367599356063,5077368
2367601905370,3762859
2367608954283,2506320
2367613066342,2454392
2367617287215,2706420
2367620099688,5387014
2367622877106,4839291
2367625437754,3315018
2367632405807,2467684
2367636507745,2488166
2367640237608,2476202
2367644392092,2584157
2367647273321,5244933
2367649882462,3859452
2367656358953,2387078
2367660631755,2479883
2367664258563,2411547
2367668391929,2475012
2367672807427,2568438
2367675470950,4968296
2367678013602,4210349
2367684631847,2313752
2367688806754,2458443
2367693118363,2493713
2367697638727,2514949
2367702430831,2524777
2367706446511,2356216
2367710618038,2494318
2367713210084,5027250
2367715784565,3963778
2367718417538,2448633
2367722323745,2419352
2367726291884,2332763
2367730484454,2365550
2367738584854,2442513
2367742683114,2526755
2367746855249,2603571
2367749542726,5194332
2367752020870,2969232
2367756397939,2412457
2367760326299,2453398
2367764321082,2402180
2367769456551,2418259
2367774805588,2530104
2367777571026,5042142
2367779937515,3827953
2367786217963,2406179
2367788769661,3206119
2367791973672,2218188
2367796197699,2376321
2367800579275,2385990
2367804421611,2262830
2367808712625,2252590
2367818129508,2368235
2367822641351,2528870
2367825687229,5363846
2367828381436,3434279
2367830875581,6687240
2367833212914,5473113
2367838071958,2300840
2367842686718,2261146
2367850398333,2283664
2367852870990,4699537
2367855238311,3224702
2367858607115,2522710
2367866754165,2528960
2367869080055,4460361
2367874754845,2340725
2367877342045,4909621
2367879854465,3788909
2367882553521,2425776
2367886433270,2510324
2367890799715,2483246
2367898622957,2538589
2367902775749,2562532
2367905546409,5140041
2367908264850,4172373
2367910965742,2832331
2367915102590,2621887
2367923333601,2468273
2367927122265,2652579
2367930669329,2567707
2367933414064,5134517
2367935917740,3946778
2367938595163,2489614
2367944008067,2435719
2367952781502,2633103
2367955586245,5303956
2367958435501,4208949
2367961025491,2669365
2367963654366,5663826
2367972299156,2401246
2367976366520,2355150
2367980743205,2511047
2367983429031,5089444
2367986026766,3992889
2367988889947,2691500
2367991470990,5027739
2368000720390,2521278
2368004993278,2346147
2368008905506,2474522
2368012867905,2518256
2368015491494,5142501
2368020603173,2492525
2368024385693,2581958
2368028707294,2423130
2368032636880,2514084
2368037181533,2516080
2368040699302,2594267
2368043418471,5222126
2368048624229,2543522
2368052755733,2443845
2368056651176,2376814
2368060966713,2464934
2368064821404,2465264
2368069322922,2453989
2368074289254,2498472
2368078708776,2557965
2368082771835,2466666
2368086562107,2534707
2368089292102,5131410
2368091801232,3567910
2368094908609,2507066
2368102795918,2500905
2368106825865,2386208
2368110893529,2468191
2368113623005,5110921
2368116135986,4170511
2368122628192,2461050
2368126443488,2416793
2368130709661,2339894
2368134413203,2397231
2368138627798,2517499
2368141258230,5053339
2368143916843,3932058
2368151172142,2414239
2368160634504,2565714
2368163380380,5232647
2368165896130,3643072
2368168578575,6488459
2368171295220,5081774
2368173815360,3775355
2368181055749,2640200
2368184457476,2435496
2368189087017,2595948
2368192527447,2542781
2368195314286,5167772
2368197790255,3751093
2368206410869,2444043
2368210638407,2651855
2368213336546,5133797
2368215977515,3451780
2368218700765,2518058
2368222308638,2362459
2368228519040,2424452
2368232668767,2461200
2368237162977,2485717
2368241030748,2437598
2368244712357,2655107
2368247311797,5196442
2368252792553,2451085
2368256751138,2557037
2368260705587,2510063
2368264393836,2558515
2368272544362,2566221
2368274982907,4916754
2368280438992,2451190
2368283165531,5021025
2368285846552,3855161
2368288465755,2703257
2368292489465,2436166
2368296586788,2406688
2368300540648,2443897
2368304531428,2441292
2368312751545,2567162
2368315424316,5163040
2368322438173,2509372
2368325095455,5044190
2368327690054,3736566
2368330592557,2524941
2368334359215,2400463
2368339002397,2468052
2368342876167,2403638
2368347504232,2506754
2368352360815,2511608
2368356365446,2404360
2368360486285,2460949
2368364704750,2493199
2368367218815,4918268
2368371326071,2442864
2368376809525,2555410
2368379346341,3096733
2368382441750,2431696
2368390970677,2603153
2368393737414,5277647
2368396475057,2488654
2368400277187,2379010
2368404429198,2467188
2368409211536,2498147
2368417725821,2693328
2368420535858,5296448
2368423106686,3125733
2368426449272,2503176
2368430595010,2544062
2368434637771,2406329
2368438821049,2511986
2368442926119,2599218
2368446622848,2427846
2368451293484,2453173
2368454524412,2464920
2368458778775,2462262
2368466625215,2517994
2368471110386,2425711
2368474558838,2500979
2368477142741,4951094
2368479738025,3614489
2368482663493,2505977
2368486099697,2321940
2368490759496,2491001
2368494756616,2480457
2368498655291,2469061
2368504542650,2441571
2368507250913,2498463
2368514804709,2607056
2368517626004,5244770
2368520299109,4043003
2368523251796,2496525
2368526749390,2524457
2368530715434,2462323
2368534336095,2466535
2368544365228,2609841
2368547129286,5196832
2368549757577,2810548
2368554554049,2530774
2368557165032,5098517
2368559787309,3563821
2368566196578,2389934
2368570630945,2487309
2368574802760,2490580
2368578516116,2626631
2368581195180,5208647
2368586762262,2445933
2368594432356,2536928
2368598733381,2597506
2368601427746,5201817
2368604087084,4030293
2368606800489,2817769
2368610621463,2465151
2368614867945,2498223
2368619062077,2633966
2368626519405,2656459
2368629186282,5238256
2368631714230,3455093
2368634755996,2353100
2368638483861,2409387
2368642560938,2494725
2368650307418,2498669
2368654627963,2500910
2368657241413,5061161
2368664211106,2536788
2368666834210,5070366
2368669560406,2376013
2368675044570,2484036
2368677932297,5259831
2368680654578,4541018
2368683348223,3338497
2368690619216,2618846
2368694739145,2482714
2368698254541,2454831
2368702513102,2497837
2368706737586,2506863
2368709516964,5142487
2368712068623,3393453
2368714594013,6342103
2368722378402,2359395
2368728787974,2530929
2368732768548,2538438
2368735412703,4963626
2368738021215,3584016
2368740777000,2514959
2368745150993,2539666
2368753699793,2488669
2368758525508,2590398
2368761159050,5195957
2368763816448,3065109
2368767104626,2588797
2368769641107,5066780
2368777201288,2451160
2368787096792,2977012
2368789980121,4457907
2368792618509,7886447
2368795214525,10766095
2368798041223,9076790
2368800642121,2754422
2368808276120,2372911
2368812738048,2366771
2368817734924,2423728
2368820930004,2486728
2368823615724,5106324
2368826329008,4589506
2368828862417,2765684
2368837178997,2500293
2368841037538,2591494
2368843873087,5256002
2368846673226,4719800
2368849303116,3177433
2368852626924,2494447
2368860484903,2495248
2368864402226,2468199
2368868707959,2550496
2368871512851,5190874
2368874106698,3640018
2368876758150,2892904
2368881490943,2537742
2368890146246,2381542
2368894627132,2659587
2368897478967,5401862
2368900175365,4255862
2368902752992,2753581
2368906408028,2438509
2368914742655,2412732
2368919214824,2701073
2368921967857,5218555
2368925806379,4384034
2368928531084,2478320
2368931148775,5049351
2368934675330,2534758
2368938587596,2471046
2368942480067,2418915
2368950406217,2522161
2368953187449,5188807
2368955746267,3754909
2368958835758,2481745
2368964123394,2454147
2368969110270,2545358
2368973010750,2497351
2368976657709,2505081
2368980704842,2495581
2368984726468,2453152
2368988289748,2391167
2368992476178,2472644
2368996671264,2418120
2369000104386,2403337
2369004231353,2351252
2369008641670,2511407
2369011266063,5029544
2369013928245,3576796
2369016601246,2490293
2369020500119,2476121
2369028628762,2477705
2369032667697,2610983
2369037089165,2517837
2369039761207,4992843
2369042369857,3865113
2369048386083,2435205
2369052674049,2392556
2369057055218,2524602
2369059697252,5043936
2369062185049,2929439
2369067047576,2488439
2369070631970,2463783
2369074582136,2490921
2369078520132,2488676
2369082496173,2464795
2369086555120,2440826
2369090458940,2471362
2369094127561,2449148
2369099025100,2519378
2369103338462,2510408
2369106947413,2495438
2369110599493,2455199
2369114523184,2459833
2369119059877,2550341
2369122495991,2400471
2369127376255,2522978
2369130380488,2471440
2369134364389,2349495
2369138460200,2458648
2369143745030,2499133
2369149205384,2580012
2369152059993,5322307
2369154729228,4343894
2369157513647,7299488
2369160408463,2504499
2369164441526,2513005
2369168586425,2437031
2369176632706,2421302
2369180749663,2510556
2369184379154,2358592
2369188628966,2536798
2369191299492,5095256
2369193941395,3813902
2369200588168,2413479
2369204662235,2383828
2369208824770,2423154
2369212864175,2433634
2369221084342,2388388
2369224984713,2510480
2369227603176,5033228
2369230069346,3438009
2369233069755,2414956
2369240604002,2525541
2369245371852,2496451
2369253002672,2391533
2369256779639,2425498
2369264196755,2398795
2369269361459,2416144
2369278614637,2566537
2369281063311,4914953
2369286716591,2333692
2369290592253,2435106
2369293156001,4888703
2369298098000,2368582
2369303044854,2522187
2369311031954,2363645
2369314432972,2570162
2369317022935,5072071
2369320477715,2589791
2369334556219,2467684
2369339101161,2515340
2369341681357,4959071
2369344287071,4365866
2369351013179,2436958
2369354526854,2415534
2369362925051,2531533
2369365585978,5064443
2369368126523,4086218
2369374332244,2409394
2369378575769,2577434
2369386765665,2391036
2369390355214,2367049
2369394265623,2477114
2369398688165,2526795
2369402538865,2419906
2369411080886,2385226
2369414377844,2345448
2369422335506,2539859
2369424858015,4914336
2369436595295,2496813
2369440523404,2649514
2369443261409,5196633
2369445845610,3020288
2369450410492,2437971
2369454288024,2414019
2369462348023,2479182
2369466999159,2555719
2369471454293,2526945
2369476276701,2429626
2369481414297,2357706
2369486399854,2471782
2369490662896,2479162
2369494753060,2532327
2369506536694,2422898
2369509276197,5097984
2369511757801,3627142
2369514723898,2610515
2369518998177,2457411
2369522200651,2442091
2369530732125,2663351
2369533297799,5134425
2369540441872,2501809
2369544515683,2479884
2369552589213,2440000
2369557551749,2619562
2369560122740,5069858
2369565892347,2512895
2369568746297,2618688
2369571376742,5213248
2369576915528,2463985
2369581459789,2485996
2369585921422,2330922
2369594839610,2572643
2369599636764,2528937
2369604749907,2476586
2369609099361,2478881
2369611700701,4613521
2369618523999,2470344
2369622653938,2642674
2369625079827,4950355
2369630538780,2501528
2369634688232,2445583
2369640255686,2332072
2369645096002,2449538
2369649160838,2548283
2369656739785,2442724
2369665175092,2488939
2369668493694,2501617
2369671087293,4968442
2369673710583,3616730
2369681607397,2474676
2369688232778,2410747
2369692191101,2383735
2369696253392,2330598
2369702551983,2483349
2369707215825,2506012
2369715313047,2363159
2369720238034,2442394
2369724585318,2339176
2369728652659,2596968
2369732785749,2356764
2369738408340,2517000
2369742158285,2427993
2369746145574,2433812
2369750327154,2424861
2369754382704,2337481
2369759055605,2462210
2369766081836,2441378
2369770609514,2506130
2369774696275,2461487
2369783092452,2374420
2369785577068,4781727
2369788430411,2477685
2369796304108,2506911
2369802122558,2399014
2369806711203,2403041
2369810535754,2368579
2369814293928,2249687
2369818883559,2716100
2369826570397,2553335
2369830247961,2452358
2369839461387,2397712
2369844131681,2366074
2369849077622,2498671
2369852746734,2387591
2369856540380,2394558
2369864403032,2470733
2369869497896,2473367
2369874092545,2421585
2369879332408,2728287
2369881949624,4772628
2369888585682,2448991
2369892004823,2370770
2369898361038,2468732
2369906983552,2665869
2369909573464,5137942
2369914338099,2480007
2369918956942,2457635
2369922823780,2485847
2369926291241,2318575
2369930497335,2445799
2369934655090,2515275
2369938999040,2461025
2369942842474,2391127
2369950929233,2231432
2369954589965,2531279
2369957108544,4949100
2369959549108,2973622
2369962814696,2558233
2369970660942,2393493
2369974543413,2355519
2369978939132,2726246
2369981529978,5145498
2369984101962,2393549
2369988528535,2612659
2369992580607,2404709
2370002388720,2325105
2370006536057,2365379
2370009404237,5116793
2370011899773,3593499
2370014442082,2357842
2370022597824,2449004
2370026892329,2462946
2370030597050,2503826
2370033210040,4744350
2370035644666,3300755
2370039081842,2302306
2370046498658,2551284
2370054497718,2517622
2370057003467,4884574
2370059480903,3294599
2370062389943,2256395
2370066889700,2234862
2370074565095,2510414
2370078812794,2537566
2370081490795,5111627
2370084091381,3701516
2370087488215,2496634
2370090706693,2558080
2370098550567,2590908
2370102881431,2546213
2370107279618,2596028
2370109987184,5200156
2370112575861,3887359
2370116686543,2524406
2370121076156,2465416
2370124953091,2495545
2370128714717,2463688
2370132850773,2305458
2370137539510,2492056
2370141417466,2518531
2370144861134,2510331
2370149025191,2586805
2370152358044,2311270
2370160988371,2349135
2370165069100,2604845
2370168964704,3948779
2370172992582,3866293
2370178622106,5333382
2370183596680,4984864
2370187898514,7754470
2370192999135,8645891
2370197052811,3860701
2370201779224,13110293
2370204526152,6738780
2370207189031,5166208
2370212577976,2539681
2370216675108,2520373
2370220701659,2556229
2370223103467,4827480
2370228745449,2436483
2370232363608,2367406
2370234875855,4799239
2370240083382,2319173
2370244930952,2522334
2370248752716,2429173
2370252718599,2435851
2370256760604,2646644
2370259400128,5083958
2370264633730,2537302
2370268926299,2469050
2370289251472,3100946
2370291973978,4736039
2370294813876,8099655
2370297418102,11061663
2370300010216,13770158
2370302550550,8401864
2370305060277,14951258
2370316849272,2665150
2370319569288,5260552
2370322328105,4181787
2370324930567,2696528
2370328743538,2452564
2370336286315,2466485
2370340735254,2439856
2370345575334,2522756
2370348396991,5272255
2370351094571,4617459
2370353716151,7367097
2370356301690,5601789
2370364160806,2318762
2370368540934,2480671
2370372845489,2513643
2370376448787,2458064
2370380156451,2459670
2370384368380,2479654
2370388567049,2523349
2370392644008,2508623
2370396753780,2510799
2370400398448,2439023
2370404667497,2587355
2370407252789,5078133
2370412836443,2259445
2370416277400,2370010
2370420982607,2594155
2370424417641,2442825
2370428315542,2477316
2370432470701,2537607
2370436689630,2505294
2370439997278,2341496
2370444594031,2515386
2370448709179,2540961
2370453711113,2401549
2370458462471,2466744
2370464138415,2416526
2370469079182,2489175
2370471860669,5116460
2370474403960,4554219
2370480829967,4824022
2370484919126,3946797
2370492948769,4497420
2370495575550,2442762
2370500013953,4508338
2370504969275,4758434
2370511012810,14674828
2370517208983,8499248
2370519893588,2525205
2370524966330,16360205
2370531290946,6186349
2370535751153,21146911
2370538427662,10099053
2370541161933,5177754
2370543984983,3455385
2370546770637,2830148
2370550443671,2405307
2370555231114,2502178
2370558715926,2523346
2370562774075,2463265
2370566746321,2447395
2370570271761,2525631
2370574200099,2350449
2370578664733,2553995
2370582621123,2308731
2370587181711,2464828
2370590596910,2449472
2370595116423,2489689
2370598868551,2516992
2370602711956,2432990
2370610945916,2435794
2370614733999,2364618
2370619086639,2615406
2370621890287,5289553
2370624615769,3934504
2370627226427,2693664
2370634661829,2397907
2370638816653,2495320
2370643967711,2378586
2370649116804,2470826
2370653368716,2596610
2370656101115,5209436
2370658730020,2921153
2370663076849,2477621
2370666455349,2367188
2370674497203,2336812
2370677113364,4838746
2370679698546,3980113
2370682804497,2429060
2370690911636,2381318
2370694732810,2416132
2370698565389,2575155
2370701245598,5168561
2370703770835,3780521
2370706431259,2496769
2370710807591,2455993
2370715572710,2393535
2370720332004,2407985
2370724573178,2465265
2370743551676,2797828
2370746133904,3930665
2370748938473,8086339
2370751544254,10738200
2370754155354,7553894
2370764113584,2427283
2370769284063,2699143
2370771881941,5153787
2370774373800,3730581
2370777047278,2470486
2370784383149,2345921
2370788603153,2446676
2370797318801,2805189
2370800046382,5281337
2370802659381,7944085
2370805317999,7073647
2370812983658,2572373
2370816757548,2585518
2370821931297,2477086
2370826977306,2620890
2370829622823,5185465
2370832176367,4143513
2370836450583,2389755
2370840244808,2413643
2370844581953,2440595
2370852797060,2513752
2370855514495,5125661
2370858174170,3319120
2370862299822,2510917
2370864809228,4931001
2370870697532,2504824
2370875075931,2599391
2370877746095,5235965
2370882318308,2451324
2370888121742,2539707
2370894280317,8601844
2370896875323,2960440
2370900730397,2531268
2370903473858,5168540
2370905999231,3716373
2370912787886,2353344
2370916745987,2421079
2370920787413,2476437
2370924897969,2434768
2370928987199,2517579
2370934321853,2515322
2370944138738,2702124
2370946849004,5151413
2370949616444,8035265
2370952426988,6449601
2370955280558,5167398
2370957976986,3955059
2370964707354,2380411
2370969341290,2490834
2370973236287,2493658
2370976627827,2541074
2370979289255,5000534
2370981812418,3894381
2370992282442,2377296
2370996480271,2452122
2371000153797,2462039
2371004475298,2471966
2371008685293,2669484
2371012451150,2479086
2371017103970,2550643
2371019841874,5127350
2371022553832,2855145
2371025135633,3304163
2371032780212,2503496
2371040576431,2456131
2371044693701,2538637
2371048504761,2475923
2371052654286,2546220
2371055271784,5043950
2371057867144,3720661
2371060511806,2478480
2371064494302,2327458
2371072501074,2518627
2371076603734,2359546
2371080739430,2430421
2371084381060,2418139
2371088596795,2477293
2371092811620,2366759
2371096197784,2391778
2371100587168,2521423
2371104484682,2438218
2371108621833,2456633
2371112286943,2323094
2371117024849,2431349
2371120844472,2240723
2371124367374,2439936
2371132561237,2515411
2371135326787,5126533
2371137947091,3931741
2371144434576,2461048
2371148472545,2527488
2371152763942,2452148
2371156751524,2488981
2371161148717,2437110
2371163678304,4900414
2371168829179,2472245
2371171519973,5067701
2371174113067,3895822
2371180381944,2455657
2371184434409,2450040
2371188688252,2473367
2371193498483,2309438
2371198636181,2500780
2371202405786,2401297
2371206738310,2445670
2371211403369,2532603
2371216333823,2485267
2371220292138,2482580
2371224678711,2565040
2371228800578,2481728
2371234547471,2631893
2371240479222,10312336
2371244528229,3864233
2371249029294,4332243
2371256242308,10247814
2371262566914,6179870
2371265237695,14633602
2371268951253,18464057
2371274850114,12289159
2371280251275,14460648
2371286802111,6384835
2371289448033,19055791
2371291933039,9356726
2371296444379,7069054
2371300927083,4320553
2371304896673,13006120
2371312904761,10455619
2371319427749,6358996
2371322060645,16325293
2371324842174,2783431
2371331514981,6740864
2371336819041,8832659
2371339414200,2448572
2371344826269,19701596
2371348974008,3989960
2371352854658,3740847
2371356992323,4003031
2371364751729,7609177
2371367418767,27330802
2371372880881,5499907
2371376812744,3797168
2371380888398,3938482
2371384901973,3873961
2371392776828,15751559
2371395343223,2422279
2371400979616,15224235
2371404129926,8805559
2371408956433,4674328
2371412877724,7119963
2371420693524,10456722
2371424833550,4008613
2371428409622,14340739
2371432279592,3672383
2371436836744,14237397
2371441026046,11139164
2371448952745,10716647
2371452701886,10959086
2371456368446,5752022
2371460902813,4370272
2371464959938,6828864
2371472169643,15572314
2371476715878,4377168
2371480195107,3315654
2371484790784,4445792
2371488761727,26640750
2371492944032,11098073
2371500936395,14734441
2371503647582,9922081
2371508582344,4937056
2371512950698,4209552
2371516945139,13358566
2371524788612,14875157
2371530894978,5938573
2371533540031,2502753
2371536946401,23149840
2371540941005,14324328
2371548394522,14140211
2371554610677,6053224
2371557285352,2525628
2371560848082,10300557
2371564809698,3822333
2371572255902,23622806
2371578266563,5845296
2371580924097,2467038
2371584697722,22300064
2371588781490,3949600
2371592776140,18176669
2371600034293,13687612
2371603866341,3689035
2371608944864,4938856
2371612914043,3788785
2371616781519,3717659
2371620814556,3867943
2371626856166,5904576
2371632796633,42759609
2371639187816,6227101
2371641777555,2446637
2371644832710,23813626
2371648918391,14294420
2371652801447,10812093
2371660555242,14480043
2371667163501,6466254
2371669795766,2485120
2371672529045,22847652
2371676808130,4124906
2371680802561,18202788
2371688524626,14597157
2371694703055,5981701
2371697273130,2420526
2371701025674,19280339
2371704972904,3814660
2371710191360,5084481
2371716023840,5685430
2371720301091,4116194
2371724655141,4214184
2371728895476,4085683
2371732811692,42234806
2371740303039,14277099
2371749037270,2439740
2371749176966,6012627
2371752677695,22559521
2371756919506,4087197
2371761017194,18387904
2371768708067,14776761
2371772139045,3261838
2371776925316,4628881
2371780908890,3841334
2371784976469,27082567
2371792433183,14540999
2371798617033,5993614
2371801165914,19410996
2371804575831,6015862
2371808968950,4263088
2371815982574,29972676
2371818618636,2497625
2371824336218,17942085
2371829045634,4549645
2371832848659,14224804
2371836988424,18394220
2371841006284,3882158
2371848353237,18146012
2371854902669,6406478
2371857520556,2493095
2371860695809,19287016
2371864969617,7466126
2371872372020,21789337
2371880932921,2330419
2371881063606,16346111
2371884475974,9758078
2371888830701,4222268
2371892906328,18236430
2371896643604,3568221
2371899340268,13292916
2371901948210,6155702
2371904572717,4573620
2371907258945,2493543
2371912138489,2236043
2371916790265,2530389
2371926598013,2500120
2371929238474,5076388
2371931768666,3924320
2371934369241,6681490
2371936863605,4877718
2371942250003,2407365
2371946308654,2455692
2371950538454,2460737
2371954674035,2502272
2371959072538,2477163
2371963796667,2406406
2371968693218,2561405
2371971419771,5194102
2371974028228,3792027
2371976688218,2763075
2371982043877,2404136
2371986132494,2362453
2371992306488,2412252
2371996439565,2574317
2372000898166,2261727
2372004749571,2256075
2372007567744,2653958
2372010195011,3148113
2372014230930,2424623
2372018113725,2359868
2372022385689,2228554
2372026639026,2335842
2372030575990,2309126
2372039092616,2591027
2372041816817,5205353
2372044554814,4326042
2372047118414,2776649
2372050585793,2472256
2372060017446,2371913
2372064759288,2767861
2372067512443,5361524
2372070112168,3883672
2372072819383,2423166
2372078486557,2516980
2372082457791,2443174
2372086859316,2436484
2372090366068,2510462
2372093044465,5042877
2372095783264,2479928
2372100427125,2545250
2372104603555,2440494
2372108524409,2572870
2372117089148,2661590
2372119922877,5277631
2372122497746,4349971
2372125086734,2391743
2372129606868,2380883
2372134016296,2338580
2372138284992,2487617
2372144028117,2349496
2372149280546,2639278
2372151833650,5205646
2372154379111,3523011
2372158380169,2448712
2372162271417,2444957
2372168084980,2553265
2372170735794,5194347
2372173413067,3331188
2372176719854,2543356
2372182435332,2447958
2372190383486,5652100
2372193122474,5097203
2372195768778,3753853
2372198492185,2508736
2372202625929,2550803
2372206444272,2457580
2372210128116,2393503
2372214339372,2371686
2372218528512,2405417
2372222623061,2581420
2372226532188,2432676
2372230583998,2476452
2372234585231,2453672
2372238646525,2510118
2372243305261,2433254
2372246951837,2536730
2372250593006,2516000
2372255396526,2521565
2372260032636,2458130
2372264384740,2529381
2372268652400,2568107
2372272728002,2558195
2372275447843,5182458
2372278063227,3943160
2372284922084,2517254
2372288593248,2524834
2372292447348,2480467
2372296957187,2492675
2372300356755,2527057
2372304975566,2496907
2372308470141,2501256
2372312544694,2455921
2372316347858,2373520
2372320741171,2670928
2372324239859,2457275
2372328893980,2604289
2372331614986,5284414
2372336776463,2551344
2372340691899,2465381
2372344628852,2658854
2372348791875,2473924
2372352790703,2557068
2372355338322,5010222
2372361104687,2470343
2372366375444,2615129
2372369035387,2843948
2372371642196,7843835
2372378295018,2489056
2372382387032,2425506
2372386331296,2440193
2372391019446,2637830
2372393742552,5203454
2372396313942,4326659
2372402372223,2435160
2372406719870,2638871
2372409410811,5166329
2372411943645,3808447
2372414647206,2496947
2372418251280,2499083
2372426400305,2423864
2372431739874,2473229
2372436615413,2589314
2372439358075,5239414
2372442160970,3689369
2372444872195,6566668
2372447607178,5203060
2372450149620,3856026
2372462970158,2565630
2372465697555,5296367
2372468582931,4292076
2372471106549,7039533
2372473724892,5835056
2372476186653,4131686
2372484706518,2417444
2372488653613,2446870
2372492639890,2563610
2372495469535,5282052
2372498078859,4365517
2372500846576,2375457
2372512785958,2589531
2372515581750,5192425
2372518129153,3569137
2372521081733,2601791
2372523818741,5083494
2372526381829,3323703
2372532230745,2530945
2372536559826,2541993
2372540503301,2450548
2372544675572,2445062
2372549171165,2611365
2372551833008,5216014
2372559338674,2618394
2372562103689,5327019
2372564929964,4384159
2372567581838,3726720
2372570422308,2465669
2372574620411,2442480
2372583118073,2497369
2372587631482,2583855
2372590297370,5041802
2372592872245,3042344
2372596369947,2413278
2372600552097,2546113
2372604571984,2488648
2372612277340,2350990
2372616850261,2664631
2372619461983,5105898
2372623996789,2419561
2372628669335,2541906
2372631355258,5085160
2372633863982,4029797
2372636583045,2410423
2372640501320,2500702
2372651701182,2589317
2372654438683,2536425
2372660462081,2482130
2372664775209,2467973
2372668551150,2528579
2372671023322,4893802
2372676854346,2471296
2372681246893,2595401
2372684000207,5137205
2372686503262,3869121
2372690912357,2518418
2372702625321,2516565
2372707251300,2622218
2372710011891,5257749
2372712858439,4730439
2372715456530,3743500
2372718042948,6223974
2372722821813,2354892
2372730496832,2441308
2372736569968,2486948
2372740564606,2413780
2366381727716,2779310
2366417786757,2690927
2366441971578,2598507
2366466128240,2697893
2366485565107,2546448
2366510294577,2558122
2366520027026,2595640
2366539912712,2674626
2366556224212,2532435
2366566618317,2566428
2366580335197,2685586
2366591781377,2578462
2366608273680,2560034
2366617065077,2528166
2366631891910,2563102
2366641896134,2521016
2366656708188,2560113
2366665962140,2553566
2366675102733,2524815
2366690211741,2602035
2366698251792,2551932
2366702593355,2520410
2366715841216,2544194
2366724449781,2531755
2366740616744,2663969
2366748792076,2884583
2366751505631,4172756
2366765992548,2629332
2366771707844,2624271
2366776246174,2558661
2366792050588,2581042
2366796268013,2519896
2366800222838,2612667
2366818077362,2518347
2366822270943,2559646
2366826463641,2541368
2366839939914,2612451
2366844029788,2593424
2366847852696,2526783
2366852202737,2515685
2366862206038,2530908
2366870851445,2600463
2366874126916,2556112
2366882529307,2540894
2366891528642,2521333
2366896507521,2498546
2366899895850,2524729
2366907735778,2568649
2366920131869,2716284
2366924397354,2676454
2366927129941,5264749
2366932435844,2543643
2366940341551,2578782
2366948131529,2605124
2366951949272,2544102
2366956114100,2606846
2366971993147,2694108
2366976287931,2678381
2366978941045,5274353
2366984073756,2614761
2366988318452,2579593
2367000796769,2805409
2367003694061,5589372
2367006368765,4181915
2367012231195,2559444
2367020327458,2565399
2367028114256,2571806
2367032224962,2620314
2367035098047,5355473
2367037671105,4023475
2367047921865,2566204
2367052079656,2594749
2367056005278,2501291
2367060669033,2503427
2367067739964,2522422
2367076582875,2649570
2367079435838,5414592
2367082329394,3423406
2367084931455,3643712
2367091941636,2573282
2367096231241,2484926
2367106677757,2655463
2367109523969,5403860
2367112143997,3913647
2367115852526,2546562
2367124146450,2545585
2367130336566,2604164
2367134295998,2642165
2367137113115,5301620
2367139736859,4506495
2367145768793,2547146
2367154510033,2716246
2367157329299,4321104
2367160165851,4065180
2367162785919,3069194
2367169788214,2509674
2367174656726,2546739
2367178355581,2567261
2367182787787,2518543
2367187396579,2659922
2367190110762,5264931
2367196253801,2581454
2367200015102,2513421
2367208578478,2674190
2367211401417,5362821
2367214219031,4159905
2367216813993,2835449
2367224065383,2640068
2367227990497,2696052
2367232353676,2519569
2367235968461,2521044
2367240202463,2633441
2367243008973,5349617
2367245676932,4083671
2367248459629,2582491
2367255974254,2514992
2367260499190,2561385
2367264177859,2533188
2367268323641,2622331
2367272138700,2559145
2367276088396,2595729
2367280627132,2536141
2367285343037,2625636
2367288222103,5392058
2367291938481,5890541
2367296936844,2608327
2367299666685,5211774
2367303851280,2542573
2367307772511,2555814
2367316541143,2661903
2367319557213,5490180
2367322388765,4858963
2367324994808,3423691
2367328042464,2540275
2367332001198,2535312
2367336433680,2527869
2367340928494,2586707
2367344681687,2569005
2367347887938,2545802
2367352105541,2560118
2367356115553,2572176
2367360129137,2535717
2367364435521,2579411
2367367904370,2582260
2367372075017,2596054
2367375888974,2565516
2367379793165,2412969
2367388293273,2627775
2367391122506,5331105
2367393819238,4505253
2367396649833,3174601
2367400525354,2653490
2367403159782,5092683
2367408728330,2588497
2367412417088,2543003
2367420883843,2701552
2367423768363,5442219
2367426408468,3649426
2367430174568,2609257
2367434278001,2541261
2367438207613,2529243
2367441763992,2549660
2367445930197,2575164
2367449753446,2505941
2367453687654,2525371
2367458105666,2613332
2367461758139,2490342
2367466097576,2385356
2367470248967,2463447
2367474367159,2583725
2367478919189,2519597
2367483899598,2539507
2367487886984,2559293
2367492028385,2619275
2367497183628,2649417
2367499872928,5257113
2367502583080,2517917
2367506125686,2565215
2367510726308,2527156
2367515615836,2580286
2367518435668,2610147
2367522966597,2552157
2367528111967,2528583
2367532030417,2524592
2367536505385,2562364
2367540997144,2519590
2367546018243,2545359
2367550665752,2797156
2367553483678,5607847
2367556355043,4256045
2367559034575,7309685
2367561852828,2535405
2367570453859,2568894
2367575555026,2589421
2367578228366,2472807
2367581927722,2454344
2367585997562,2500056
2367589978176,2449241
2367594145700,2542659
2367598278313,2548287
2367602497012,2651557
2367605471193,5447299
2367608305225,4645585
2367611002998,3346219
2367618454492,2649572
2367621861505,2509284
2367630568203,2759511
2367633677459,5784986
2367636410870,3360423
2367639105789,7580263
2367642325278,2490011
2367645886216,2603458
2367650950646,2582373
2367654679990,2652605
2367658304420,2543748
2367662017734,2548823
2367666039916,2527199
2367671572548,2553612
2367676803878,2511759
2367680255274,2566673
2367684210908,2543777
2367688263402,2676097
2367690937545,5337367
2367694015764,2586802
2367700157632,2588484
2367708455918,2724790
2367711302848,5293343
2367714101319,8282544
2367716917827,7304541
2367719548220,6033322
2367724081977,2563429
2367732586032,2555963
2367736636358,2708223
2367739626130,5485380
2367742473145,4671759
2367745152738,3544556
2367748319946,2550711
2367751997007,2584354
2367756448235,2523278
2367760577705,2698569
2367764834393,2471363
2367768300618,2626008
2367773346832,2568011
2367780194374,2555160
2367784197302,2575956
2367788509910,2655142
2367791411761,5246477
2367794025027,4073794
2367796880624,2513546
2367806247163,2649235
2367809015764,5428567
2367811846511,3893752
2367814460942,2982408
2367818381050,2637236
2367822239180,2550394
2367826106685,2627678
2367834203165,2398813
2367838291433,2697881
2367841146708,5283951
2367844014199,4580862
2367846670682,3113758
2367853980679,2518458
2367858483755,2633474
2367861293813,5344705
2367864085819,4572072
2367866919167,3162767
2367869574255,6034431
2367874406079,2591644
2367883838945,2543090
2367888173174,2615010
2367890912959,5301781
2367893722119,4048964
2367896338863,2823843
2367899991193,2545836
2367904089570,2599330
2367912178105,2667603
2367915016790,5358078
2367917715902,3797433
2367920421798,2936961
2367924179853,2630489
2367929923560,2533030
2367933998991,2482372
2367938100732,2562241
2367942440869,2574795
2367946246623,2699346
2367949030061,5381732
2367956175331,2679856
2367960234560,2598483
2367964568017,2501371
2367968665781,2691004
2367971583959,5592045
2367974364760,4604441
2367976978431,7491012
2367984151565,2572650
2367988176124,2583489
2367991869061,2591833
2367996783724,2650819
2368000160757,2537982
2368003940329,2427369
2368008204194,2662873
2368012065285,2665527
2368014944355,5267457
2368017538775,4224743
2368024189229,2668798
2368026883717,5292235
2368032136558,2644499
2368036188282,2569886
2368040325722,2525104
2368045066444,2563764
2368050067289,2534267
2368052780600,4997310
2368058202842,2656387
2368061028556,5377365
2368063661917,4073558
2368066665336,2588701
2368074946507,2562759
2368079893944,2595972
2368083893205,2529552
2368088234389,2681715
2368091105222,5457138
2368093790528,4011029
2368098691197,2593240
2368104232093,2704022
2368106959643,3021483
2368109675294,5885457
2368118544464,2650187
2368121114594,5197373
2368123965943,2600919
2368128047232,2662508
2368130644026,5159500
2368136674017,2474016
2368140629490,2541076
2368145100185,2563897
2368150228573,2701402
2368152862356,5321885
2368158096860,2643042
2368162106746,2570240
2368166155072,2595236
2368170406006,2741819
2368173200469,5343055
2368175887952,4093471
2368178965627,2543600
2368186304396,2524640
2368190376679,2534681
2368194298237,2555853
2368198799413,2519657
2368202168995,2525141
2368206292443,2778207
2368209045622,5356860
2368211770724,3897892
2368218212817,2562388
2368222140923,2552907
2368226303672,2682540
2368228931357,5268339
2368234008668,2571563
2368237976415,2515000
2368242316712,2552703
2368246203448,2567193
2368251006231,2593212
2368254203128,2630538
2368258386034,2694607
2368261044229,5344581
2368265749897,2536674
2368271834269,2550115
2368277088272,2757593
2368280053450,5510185
2368282794533,3139486
2368285411792,5941454
2368289674000,2516268
2368298222689,2575846
2368302272804,2654569
2368305152132,5310627
2368307969012,4503501
2368310616150,2876481
2368317793817,2567086
2368323362103,2594983
2368326248639,2585562
2368330152571,2650612
2368332991837,5300497
2368335682209,4068816
2368338431962,2598359
2368346357258,2575987
2368349842605,2582465
2368353932582,2558222
2368358421396,2663143
2368361129512,5257899
2368365983530,2511638
2368369920953,2534919
2368373723353,2524521
2368377793541,2483371
2368382111676,2547121
2368386572026,2604253
2368391805899,2548762
2368397196998,2588089
2368402011067,2629749
2368404959322,5397472
2368407787216,4255466
2368410334812,2896267
2368413738383,2428162
2368418126746,2528189
2368422350220,2576585
2368430048169,2644157
2368432825595,5303317
2368435521849,3684424
2368438389146,2683024
2368441166505,5281391
2368446565522,2574322
2368456387546,2631537
2368459256725,5266396
2368462174131,4354233
2368464859494,2893105
2368467552681,5624113
2368472543016,2535322
2368476561260,2550443
2368481322469,2575019
2368486013141,2558119
2368490576882,2513417
2368493405060,5187745
2368496146410,4145703
2368499009305,2532578
2368508762721,2593976
2368514649943,2756489
2368517496280,5307721
2368520295139,8213770
2368523082144,7013143
2368525747869,9912290
2368532446025,2600384
2368540219301,2642795
2368543168618,5354077
2368545802567,2957323
2368548630934,2620911
2368551448551,5335017
2368554178146,4962005
2368560487978,2534575
2368568571653,2662871
2368571468465,5484246
2368574239587,3674212
2368576950019,3602750
2368580107929,2599786
2368583931691,2569790
2368588019078,2460549
2368592180710,2607016
2368596273659,2577662
2368600578591,2687274
2368603578378,5469009
2368606237590,4757607
2368613813180,2512287
2368617941899,2505872
2368622050210,2551399
2368625930510,2611461
2368630158382,2698864
2368632901713,5332518
2368637982686,2529966
2368642504851,2558836
2368646755372,2593702
2368651527908,2634829
2368654366580,5356127
2368657103188,3541851
2368659803599,6358166
2368666136462,2601606
2368669998478,2539687
2368674148431,2571192
2368677886190,2514739
2368681926777,2555499
2368686318665,2598689
2368691597549,2492399
2368696510731,2552521
2368700403368,2598843
2368704241814,2642722
2368707035410,5313321
2368709707370,3989918
2368712456812,2575004
2368716107910,2568665
2368720216919,2546604
2368724413318,2560565
2368727761499,2526642
2368732079971,2568229
2368736154968,2533797
2368740209829,2542217
2368753165731,2602089
2368744115920,2623798
2368756505716,3077275
2368759335856,2878051
2368762049722,4388283
2368764867657,2591224
2368768412821,2555533
2368773742990,2629075
2368776560581,2941027
2368780346357,2536555
2368784520457,2555901
2368789253998,2583595
2368794431028,2646348
2368797192331,5181835
2368799854021,4010703
2368806150527,2702280
2368808998786,5413372
2368811669487,4102295
2368814417190,2574477
2368818146887,2536124
2368821848269,2490388
2368826618692,2583242
2368830864506,2558287
2368834446544,2518706
2368838331672,2517060
2368842030494,2526319
2368846706540,2538800
2368850170672,2517810
2368854936456,2531187
2368858036508,2540397
2368862237514,2542165
2368866236073,2560427
2368871507067,2569537
2368876713207,2558765
2368880297464,2600792
2368883115150,5310383
2368885979053,4641891
2368892559055,7030228
2368896528851,3128729
2368904220648,6460710
2368908394673,4012998
2368912489273,3933377
2368916586687,7076030
2368924495831,10896019
2368928039201,10605682
2368932600347,4371171
2368936490832,6790328
2368944389423,10650124
2368948535257,3989793
2368952465975,14774390
2368956568963,3946324
2368964260750,14554256
2368968522566,4110260
2368972502198,13365376
2368976477202,3828814
2368984486694,27686002
2368991227365,17418214
2368993914098,15727435
2368998047801,11848339
2369003031583,8695861
2369008547583,9153457
2369012516357,3794687
2369016648185,3949331
2369024502628,7706559
2369029063835,25516984
2369032532234,3286932
2369038470968,5788528
2369044490495,25394161
2369047256745,11093264
2369052511649,13167940
2369056521809,9295462
2369064182332,7512111
2369070952746,6911493
2369073674041,11571697
2369078613834,11339194
2369081741317,5802133
2369088719557,6818836
2369092290696,3396838
2369098444403,6000020
2369103890058,5292142
2369108506748,4460389
2369112500842,28331767
2369116568802,3893052
2369124618070,7872541
2369127401726,2606066
2369132697865,15861554
2369138411765,5475026
2369144733726,17042812
2369147641537,2708348
2369152525848,16196105
2369156530868,8917077
2369164170226,6874234
2369167850347,3523652
2369172568123,4569873
2369176552306,3816882
2369182942803,6186150
2369188556785,9281447
2369192506434,3797457
2369196487386,3832557
2369204078126,20788869
2369208620524,4339536
2369212503646,3694691
2369216523632,19786178
2369222074568,5395719
2369227370705,5301376
2369232523704,8785879
2369236542246,3875132
2369244328620,7637375
2369251168772,6656076
2369253927919,11864188
2369261440044,24628253
2369264247405,2631826
2369268099254,14197654
2369272570705,4326150
2369276521482,18451096
2369284646624,10797034
2369290240654,5425056
2369293021626,2638626
2369296504895,18836154
2369304521231,10988808
2369309125405,15775007
2369312499803,14687107
2369318579614,12123043
2369325070072,18844277
2369327913640,2677180
2369332568757,16513176
2369336636538,14541026
2369346656104,9840273
2369349634708,5945777
2369354488572,14838999
2369360502246,23604461
2369363332459,2671539
2369368453213,16303033
2369372563936,22987470
2369376478069,3756962
2369384577938,21273979
2369391297208,13915337
2369394102664,2638989
2369400082412,23377351
2369406926449,6684907
2369409743266,2652933
2369412477019,18413573
2369419897381,33725177
2369426765255,6683806
2369429437966,27388947
2369434648844,12527938
2369440949170,27566532
2369443674505,2575434
2369448505993,16453292
2369452590992,14493445
2369460379706,10543438
2369463124265,2583923
2369468594309,18886157
2369472548528,3753720
2369479074527,6372548
2369484591411,30979249
2369488532608,3771721
2369492438278,3750276
2369496537883,21017519
2369506209556,9495381
2369509148521,45744624
2369512513570,8330406
2369516563345,14464943
2369523891263,14762327
2369528517781,4455889
2369532545191,19166253
2369539258551,6496075
2369544687979,27044987
2369548580999,3697796
2369552605222,3863948
2369560733521,7975768
2369563546899,2639867
2369568568784,32827405
2369572441649,36933956
2369580582764,15939566
2369583255292,13918490
2369588284085,14117908
2369592450171,4007021
2369600539562,17311006
2369603394833,13814871
2369608517404,13929434
2369612478002,8428485
2369620124537,16203053
2369622964165,13496661
2369625800559,12200063
2369628619360,5345839
2369631332673,3327886
2369634531006,2576137
2369637964535,2562531
2369641914369,2522525
2369650377289,2620379
2369653206163,5332451
2369656028971,4439146
2369658714107,3081118
2369662332709,2512791
2369666700318,2586918
2369674562388,2570924
2369678857306,2537325
2369682066381,2425962
2369686522145,2495004
2369690260127,2596642
2369693769051,2492830
2369702242430,2666528
2369705007539,5333253
2369707700724,3978747
2369711473094,2561990
2369716030100,2648547
2369721427386,2521184
2369725652231,2508943
2369730251744,2570066
2369734394946,2623116
2369737218112,5325232
2369739949149,4505273
2369746298641,2590037
2369754539052,2657311
2369757479730,5476072
2369760462367,4720266
2369763140548,3261628
2369765853215,6080304
2369769962781,2564640
2369778128789,2537853
2369782180529,2578024
2369786284724,2648636
2369789068567,5340497
2369791809593,4087173
2369798055555,2614489
2369802169627,2535145
2369806388938,2566133
2369810406190,2560096
2369814995047,2658570
2369817685545,5206817
2369821748069,2542499
2369826148845,2572912
2369830422744,2546379
2369834764201,2551881
2369838621619,2504125
2369844201770,2617839
2369848551173,2484881
2369852473033,2641412
2369855146944,5202028
2369860451126,2565208
2369864859288,2680247
2369867778374,5289377
2369870615646,4167707
2369873210401,3398084
2369879919678,2489113
2369884262762,2574056
2369888243578,2606833
2369892680470,2599100
2369896931949,2584905
2369901868722,2610316
2369906064865,2615061
2369909004567,5342764
2369911662000,3911832
2369918852306,2613742
2369921729820,5376130
2369924369517,4027872
2369931775322,2549762
2369936054278,2529388
2369944294239,2656821
2369947117895,5385892
2369949885216,4156104
2369952649503,2984646
2369956439579,2545229
2369960186249,2578744
2369964091161,2575222
2369968027938,2562494
2369972528030,2533293
2369976403254,2502280
2369980373359,2536882
2369984314034,2563623
2369988429183,2558948
2369992237347,2568869
2369996694312,2523807
2370016798657,2817620
2370019767512,5520392
2370022537877,8318248
2370025326592,11130392
2370027923328,13844227
2370030626408,11401556
2370039817251,2518213
2370044220107,2533912
2370048153178,2660649
2370051068061,5327830
2370053662623,3899164
2370056573847,2593466
2370068380234,2576885
2370073143668,2736061
2370076020381,5369949
2370078812526,8287513
2370081487461,7553674
2370084296616,6152291
2370087006026,3850950
2370092028805,2662287
2370100083610,2539250
2370104226753,2703828
2370107114999,5456533
2370109897427,4440711
2370112455754,2988109
2370116156170,2566362
2370124241439,2526683
2370128034527,2566543
2370132250009,2657896
2370135023159,5299935
2370137783190,4325280
2370140669186,2590158
2370148466924,2586099
2370152266235,2696871
2370155226801,5543659
2370157886161,4363197
2370164357958,2652194
2370166983207,5228224
2370172120887,2551619
2370176223731,2531205
2370181416260,2613241
2370184096316,5218658
2370191890998,2653320
2370194749390,5409113
2370197555740,3227163
2370200209400,5988857
2370202906082,5527891
2370210471798,2608355
2370213825814,2517141
2370218527227,2535142
2370222627441,2536100
2370226441660,2572300
2370229908863,2516676
2370233904501,2550862
2370238776945,2551152
2370242782309,2609862
2370246441911,2570317
2370250304333,2559918
2370254472644,2605729
2370262295363,2657755
2370270738486,2669877
2370273589030,5387207
2370276382543,4888527
2370279001500,3324986
2370282985589,2572130
2370285984191,2582235
2370294322984,2654843
2370297102900,5344388
2370299968143,4475352
2370302600258,3142409
2370310546384,2652247
2370313260263,5353002
2370317998583,2567652
2370322499091,2534027
2370326261544,2527522
2370330218963,2568249
2370334064877,2523909
2370338713767,2540202
2370342646539,2674595
2370346810781,2632011
2370349609074,5326239
2370352260805,3880017
2370358314909,2631366
2370362396289,2567918
2370366592952,2533863
2370376888402,2725483
2370379846532,5536979
2370382471270,4077669
2370385791694,2461497
2370390802018,2693409
2370393586001,5419270
2370398726796,2659064
2370402542349,2696330
2370405150313,5289468
2370410380016,2624937
2370414338654,2598472
2370418573048,2411950
2370426125075,2613875
2370429007431,5401707
2370431961734,4312758
2370434682023,7209925
2370437338116,5818851
2370443151303,2594946
2370447962986,2549193
2370452085484,2565924
2370470939477,2841278
2370473676987,3839117
2370476424501,7902254
2370479215158,10799188
2370481836458,13595075
2370491651563,2540980
2370496707826,2672526
2370499538053,5393663
2370502451784,4333863
2370505104164,2990128
2370507723690,5842802
2370516165906,2541341
2370520692580,2570612
2370524901128,2717558
2370527734880,5494441
2370530493915,4624719
2370533095015,7388045
2370540603447,2548413
2370549602736,2630486
2370552388185,5346543
2370555196949,3216848
2370557905268,6082084
2370560582967,4916978
2370564251488,2565015
2370572149216,2539415
2370576199815,2522737
2370580386720,2542891
2370584904393,2605342
2370587778479,5260917
2370590415384,3057708
2370594293658,2590535
2370598377003,2563322
2370602670081,2669185
2370606198579,2572067
2370615648962,2704578
2370618542132,5400157
2370621152604,3130195
2370624099163,2537572
2370628379318,2584048
2370632253535,2545912
2370636424820,2570834
2370640572928,2567733
2370645782884,2514085
2370648535433,2560735
2370652697926,2612044
2370656761468,2600208
2370666099045,2531119
2370671642302,2594169
2370674372266,5207805
2370677055525,3651933
2370680098912,6506801
2370682853901,5245152
2370685597909,3967209
2370696791588,2544378
2370700634401,2502886
2370703591322,5256847
2370706428514,4649498
2370709009233,3705621
2370714271480,2535007
2370720048010,2543409
2370724193442,2539720
2370727835943,2530648
2370732099219,2539815
2370736088807,2568892
2370740174365,2494440
2370744622821,2499122
2370749683933,2517707
2370752319620,3083850
2370756095855,2621305
2370764246870,2658299
2370768130200,2540255
2370776122436,2577861
2370778991247,5305140
2370781745556,4067340
2370784546429,2823750
2370786944782,5462098
2370792006604,2538478
2370796608208,2544934
2370800122039,2578115
2370804318736,2545621
2370811982764,2557528
2370815978459,2565577
2370820598759,2672910
2370823364512,5391675
2370826236633,4786133
2370828858472,3261640
2370832179370,2583155
2370836404568,2595022
2370839950020,2478169
2370848618714,2543721
2370851826219,2536549
2370855903910,2609651
2370860078078,2525592
2370863931594,2624152
2370868085194,2576114
2370872020991,2448799
2370876199136,2575108
2370880375120,2468012
2370888762900,2591877
2370891519671,5318334
2370894406843,4809291
2370897051240,3187672
2370900146317,2551429
2370904048105,2561451
2370912073589,2653971
2370920708195,2606273
2370924551873,3632450
2370928251641,3533400
2370931028010,10032665
2370933939628,6354585
2370936776749,4881411
2370939342288,2915328
2370943996369,2581664
2370952153165,2629151
2370954989701,5363879
2370957738662,3941497
2370960423242,2865498
2370964056288,2553582
2370968051098,2581990
2370972065301,2548806
2370976177738,2567358
2370980616832,2565571
2370984036829,2542618
2370988674232,2552693
2370992347018,2614276
2371000480694,2633972
2371003878479,2501134
2371008076398,2560724
2371012112250,2629976
2371016649579,2572343
2371024231532,2646198
2371028019916,2615726
2371032157705,2591886
2371035976621,2558360
2371045536766,2583432
2371050178882,2571446
2371053990913,2585464
2371057904327,2508470
2371062043673,2530732
2371070038270,2503391
2371073577485,2436195
2371078845287,2543263
2371081843538,2654678
2371084626153,5227979
2371091481164,2632938
2371102042015,2770343
2371104848027,5398842
2371107683767,4187265
2371110406350,2921365
2371113098844,5790733
2371115915254,2527759
2371123889900,2518896
2371127964977,2533910
2371132009897,2583070
2371135953211,2599910
2371144163243,2595461
2371148164432,2569286
2371152246668,2532140
2371156107941,2564051
2371160057082,2567430
2371163843869,2534980
2371168419757,2552666
2371176159012,2607977
2371180263765,2581793
2371185592534,2639524
2371188354412,2901631
2371191229938,5383369
2371194009247,4161590
2371199975202,2513995
2371204677094,2514443
2371207978410,2480417
2371212073619,2591173
2371216390426,2565262
2371227896009,2548958
2371232253010,2578643
2371236148656,2664538
2371238980338,5163345
2371241637734,4103075
2371252274521,2525338
2371256818428,2647584
2371259612781,5322781
2371262279699,4732738
2371271767611,5972581
2371276215185,2566458
2371280222776,2548882
2371283977027,2539497
2371288621934,2599678
2371291353113,5214262
2371296168387,2565756
2371300201951,2574865
2371304095546,2530906
2371312313888,2590813
2371316397142,2643182
2371320085413,2531645
2371323960039,2527779
2371327965501,2556153
2371336699959,2620018
2371339488952,4917103
2371342233098,4008760
2371346096659,2600174
2371350200403,2531668
2371354799014,2564138
2371360673045,2565526
2371364702282,2578962
2371368460345,2547099
2371376176882,2623958
2371378857632,5203208
2371384000953,2544374
2371388385210,2528883
2371391929351,2532348
2371396954559,2574987
2371400366291,2459280
2371409823516,2601694
2371412599644,3207110
2371416363931,2508743
2371420169284,2555545
2371424206328,2593597
2371434233124,2679288
2371437137032,5447904
2371439705057,4160185
2371443847487,2359313
2371448000160,2482276
2371455950942,2563907
2371460083442,2557307
2371464264934,2606125
2371468180629,2445954
2371471970021,2516004
2371476436513,2550672
2371480425438,2575417
2371483968600,2467694
2371492018642,2536627
2371496402071,2601583
2371504891532,2610852
2371507729446,5316893
2371510484689,4959500
2371513242190,3771434
2371520277349,2597451
2371524144624,2545718
2371528214746,2590395
2371536412754,2548849
2371539829954,2515242
2371544052441,2597185
2371548623246,2504053
2371551993961,2449199
2371555959109,2568026
2371560372472,2527461
2371571586637,2605719
2371576116597,2640340
2371578919878,5275251
2371581724032,4189135
2371584328873,2799691
2371587933959,2564341
2371595807858,2645631
2371600277205,2577255
2371607882194,2364647
2371612427981,2664084
2371615143185,5311021
2371621227066,2592017
2371625764843,2560043
2371629939757,2500787
2371634689772,2439336
2371639981787,2552236
2371644304682,2593685
2371648810779,2592769
2371654347338,2659308
2371657189482,5406105
2371660057116,4639005
2371662726652,3214059
2371665876111,2513710
2371669972302,2526016
2371678117746,2509080
2371682191120,2569310
2371686811819,2636511
2371689441290,5240111
2371696386080,2693831
2371699234654,5391686
2371702122676,4298856
2371704821696,3230522
2371707610757,6064175
2371710305157,3003087
2371713923289,2550810
2371720084957,2594558
2371729078307,2788333
2371731764752,5471585
2371734936285,2737753
2371737715706,3050503
2371740515337,5985474
2371743184574,3730225
2371745968667,2551813
2371761021473,9451094
2371763817942,5893450
2371766705324,2654239
2371769606293,8622518
2371772359074,4594635
2371775042428,7388359
2371777725170,5854604
2371782890175,2492895
2371787853021,2573998
2371792098988,2651170
2371794863205,5298234
2371797544932,3721351
2371800526199,2507426
2371809770727,2521518
2371812620478,5130111
2371815351773,3285810
2371818052323,2531235
2371823333190,2598897
2371825973236,5097850
2371832153709,2694885
2371834971741,5291197
2371840090285,2541913
2371844437403,2467475
2371848175440,2674233
2371852458143,2452958
2371857258593,2691357
2371860019111,5294233
2371862765108,3403867
2371865835425,2547850
2371871708797,2524593
2371876648854,2556061
2371880752471,2550901
2371885844289,2646880
2371888625797,5254833
2371891316247,4040101
2371895572276,2531707
2371899824857,2416348
2371904160944,2681115
2371906807483,5109252
2371914745691,2665502
2371917572544,5277562
2371920369893,4850856
2371923093531,3580846
2371929993417,2637346
2371932782972,5275806
2371935417469,3866309
2371941895925,2622018
2371944682889,5230048
2371947450435,3822010
2371953876844,2504809
2371958006592,2557072
2371961919753,2516808
2371966117855,2581828
2371971050342,2685267
2371973814049,5202257
2371976572240,4419237
2371979183938,3485463
2371983133932,2585419
2371991780369,2533386
2371995998903,2641365
2372000199480,2600502
2372003016835,5260362
2372005844582,4232814
2372008493568,2843313
2372016210419,2669668
2372018996253,5314094
2372021836127,4206306
2372024316287,2867168
2372027945896,2553023
2372032549060,2563702
2372040209025,2664836
2372043016543,5313954
2372045786913,4169629
2372048440492,2948877
2372051896247,2533136
2372056272173,2532180
2372059939035,2604394
2372064419862,2582652
2372068414947,2600777
2372073468439,2514559
2372080342126,2668679
2372083194447,5404707
2372085830327,4443045
2372088659593,2534122
2372093916396,2640844
2372096583934,3003506
2372100611254,2451612
2372105783457,2393859
2372110128979,2478018
2372114044616,2594720
2372118758244,2678608
2372121392855,5284973
2372125806249,2520298
2372130027727,2525430
2372134243693,2576575
2372138177515,2591340
2372142351608,2645983
2372145023160,5232231
2372149822983,2544733
2372154128039,2562352
2372159415232,2532998
2372164181859,2583293
2372168313926,2636934
2372171050218,5148957
2372173695949,4067315
2372176462475,2568543
2372190514474,2663281
2372193397536,5436312
2372196223132,4501042
2372198923379,7476420
2372201793771,6493280
2372204443013,4914688
2372212136124,2504593
2372216304725,2671689
2372219117182,5348344
2372221850598,4193896
2372224451562,3246209
2372228307754,2390265
2372236156619,2662605
2372240308307,2529368
2372245668135,2521236
2372248716732,2752700
2372251518061,5161306
2372254249027,8092949
2372256887896,6223565
2372264020735,2545547
2372267959517,2528835
2372272217093,2531387
2372276646468,2631153
2372279336440,5199478
2372282144596,2597265
2372286947157,2665660
2372289724236,5310133
2372292605946,4428274
2372295260747,3791718
2372302046209,2444308
2372306604992,2472241
2372310627690,2509069
2372315327009,2612009
2372319983204,2660133
2372322834768,5203184
2372325420609,3981338
2372331983210,2565471
2372335965255,2591892
2372340064375,2569063
2372344397179,2659396
2372351537300,2513995
2372356253246,2721764
2372359069947,5393390
2372366129271,4551682
2372368867942,7223979
2372372552570,3474761
2372380615067,10849060
2372387424487,6641034
2372390207069,16353983
2372395891693,5734455
2372402673076,6588229
2372405393944,2559456
2372408590184,10272560
2372412517751,3741468
2372416688858,18608549
2372419450334,9458787
2372422122575,6372341
2372425896836,2605279
2372434528606,2516870
2372437315227,5190745
2372440005388,4425988
2372442713993,7201403
2372445480934,6195558
2372448147140,4601584
2372455456833,2531469
2372464148859,2626419
2372466958602,5323782
2372469613795,3873812
