313824694,105517989
315904606,270046547
335766629,3168810
358653626,2658773
401062056,2999776
427368285,3118290
432655645,5553792
450657534,2501766
454579955,2565658
462848402,6519221
476638240,2413884
486347758,2766362
497527703,2769487
503650764,3204949
510709134,2540069
520855626,2813000
530958501,2567127
535973570,2529584
544393431,2527578
556794312,2307754
560981622,2614607
568850175,2673156
580621371,2533087
585562594,2815798
592431135,2492955
605474258,2592663
609782098,2520727
615006603,2640163
626675182,2609113
631088447,2453473
634840758,2843882
642845234,2651815
654650101,2722006
658860750,2520966
662684741,2534275
676585938,2630617
680849935,2564453
686324487,3028904
695153611,2522025
705428026,2626619
710776741,7637000
714040740,7448384
721399405,2523307
729397907,2567765
734321808,2583844
738840760,2402762
744422443,2431519
752740816,2646687
756298171,2498257
765776545,3292387
768971753,2562796
776524786,2479064
780969629,2590413
788551528,2618853
792595986,2535459
802986394,2819008
806543338,2560346
811107536,2599085
814792020,2590404
822880291,2689018
826493409,2576760
831808762,2599512
837147540,2945655
846535700,2820897
850657638,2552711
856774303,4283298
861388931,5282102
866700130,2556875
872555023,2748636
875313041,3101458
883202328,2555172
886963608,2670146
892876197,2632071
897467548,2450891
901710790,2357592
906508893,2614613
910433316,2430767
918897264,2728014
923396977,2569354
926979634,2852633
931037662,2597982
934819450,2771004
941694709,2519879
946621353,2645852
951440877,2469490
960810200,2708861
963997893,5636855
966653318,4117225
972887859,2360381
976819655,2392281
984612048,2548117
988733293,2534477
991514781,5138724
998593302,2612516
1002701122,2686371
1010650728,5813617
1013561108,3060090
1016375623,2526229
1022556982,2422263
1026855251,2352012
1035783506,2691848
1038853794,5563525
1041619081,4871920
1046968386,2594864
1051005281,2576116
1058868834,2754330
1063059153,2655712
1068076503,3622659
1074826783,6347692
1078908048,3012298
1083120314,2974542
1086790063,2598596
1090601460,2473866
1098922375,2462077
1102617620,2581795
1106826849,2623795
1110775642,2673416
1115043725,2607999
1122675148,2522608
1127570014,3430988
1131047680,2650899
1138920212,6136453
1143283983,4047879
1147217401,2912815
1154858980,6479612
1158751284,3651730
1162850301,2588152
1167086589,3187491
1174830272,6815875
1178688593,2522094
1186825555,6369649
1189735566,2572636
1192863426,2849875
1197999757,2529517
1203347881,3174451
1209557404,2431001
1214525676,2458402
1222752515,6642365
1225564352,2869656
1228410588,2580519
1232513709,2585391
1238715627,4937936
1245391144,3005671
1250902832,4663525
1253761847,2560237
1258770018,2640801
1262587260,2499571
1270826162,2737040
1273580134,5301017
1278573866,2523499
1282946467,2656780
1286271954,2536442
1294896476,2628183
1299295285,2584571
1306887916,6435663
1310218749,3075473
1313030300,3947285
1321533104,2574694
1327043383,3700111
1330595104,2680521
1333491239,5345170
1336119971,4269024
1344895740,2719537
1352478320,2490505
1356906846,2764054
1359856176,5364705
1362829660,4585236
1368791303,2569258
1374291662,2543853
1383700702,2510850
1386648507,5314899
1389458673,3466067
1398199832,7882452
1404605609,8160468
1407749930,2842540
1411287197,2441654
1416310327,2489274
1421028176,2616238
1424636575,2518568
1433297291,3141169
1436204648,5756577
1438965767,2505562
1446658621,2516859
1450218474,2455906
1456574560,2526956
1460941970,2528652
1464638930,2438156
1472576031,4114050
1476023836,5050303
1482579639,2703871
1487241138,2995295
1491167766,2554353
1495403056,2589378
1505999403,2473490
1510981801,2684281
1513822451,5327418
1519515492,7530080
1522213280,6027770
1528469781,2498184
1536787219,2594895
1539428014,5105648
1544815499,2428140
1547411309,4902913
1552817134,2562498
1560983936,2559234
1564947159,2560911
1568902014,2718712
1571683893,5228953
1576561518,2522572
1585039161,2568421
1589723781,2586045
1594584633,2642962
1597413615,5334907
1600183748,4078010
1608581315,2607767
1612899825,2569214
1617437914,2416811
1622785787,2681327
1627123322,2531822
1630726236,2538603
1639232624,2531339
1643028408,2534932
1646808792,2512552
1651083118,2533126
1654707555,2562186
1663109120,2553350
1666601687,2517850
1671214681,3196440
1675570747,2611881
1680305002,2553596
1684580871,2537747
1689281851,2545524
1692657743,2549862
1701955720,3518221
1705273191,2553281
1709546262,3406012
1713131054,2553432
1717415910,2617059
1724901617,2588717
1728758071,2501482
1732966067,2573138
1737297548,2503883
1740851619,2548703
1748760294,2579230
1752578976,2524305
1760230863,5861742
1764706998,2588370
1771203488,4380193
1777598311,7419710
1780746621,6523682
1784677578,2641230
1790345360,3340863
1795928006,3683892
1802341046,5549511
1809432751,8928753
1813150010,8675740
1816689454,4079436
1820429217,2610362
1826896413,2688227
1830846603,2638682
1834984101,2584362
1839284405,2600595
1842638594,2556107
1850888695,2602193
1856314636,2582224
1860985889,2593194
1864720139,2539685
1869198118,2551882
1873373679,2537600
1881224670,3125818
1886127875,3876719
1889965405,3527324
1893220557,2534482
1896604015,2536205
1906967591,2611235
1909669627,5187078
1915235881,2563309
1918505594,2513479
1922780657,2572295
1932686454,2666417
1935474573,5313820
1940591698,2570652
1944714351,2715972
1948698572,2612958
1957194704,2761249
1961535930,6996033
1966057377,2558649
1970272462,2539022
1974613855,2491371
1979041376,2537857
1982740684,2512628
1990668160,2533391
1995208397,2621479
2002486962,2559784
2007192147,2553101
2011361755,2543438
2021679058,2952386
2024581499,5119900
2028633512,6234332
2031327134,3144896
2035087262,2571460
2044882018,2542837
2049013202,2539513
2052984529,2650080
2057996694,7513818
2061583357,6685176
2068752179,2571043
2072605866,2471685
2077165972,2525628
2080887658,2509406
2085064352,2533881
2094941855,2705370
2103592364,2715493
2106323427,5164028
2115078636,5062140
2121190413,7263904
2124060632,5934912
2129055497,2685946
2131872279,5345456
2137333410,2507430
2140663388,2519018
2148844024,2557763
2152973653,2548309
2156418061,2515075
2160857299,2574627
2166504819,2633718
2174442698,2578829
2178527783,2537721
2182728120,2590527
2191065741,2554352
2195246121,2587050
2199551183,2505539
2202986098,2495161
2206683079,2492178
2215986459,2551690
2220432189,2538469
2225217089,2667685
2227936573,5235440
2232525046,2533909
2240698152,2545548
2244669120,2537013
2248995226,2556432
2252761837,2418724
2256831295,2573859
2264983218,2542200
2268653175,2533714
2272680064,2588012
2276802136,2436427
2280817735,2453668
2290908311,2539120
2293382952,4958557
2300659635,2436367
2304938503,2532974
2312593827,2535239
2316943651,2531235
2320616801,2476045
2324831008,2528482
2330307593,3991517
2336617131,2547574
2341792645,2452894
2347218796,2528553
2350870650,2602137
2357504269,3952517
2360664415,2614934
2364687315,2457658
2375885615,2602049
2378825182,5373949
2381559571,3479206
2389704661,2647522
2393482953,2575772
2401279975,2589428
2405889205,2482427
2410556716,2508448
2414823430,2644664
2419576011,2378059
2426765069,4755669
2429470126,2775720
2436844825,2427660
2447173539,2588487
2449837547,2819577
2454816615,4616461
2460904340,5871246
2466663008,8219775
2471332369,2506247
2474586496,2573651
2478810124,2525295
2486583572,2635265
2494676825,2450033
2499086223,2532670
2503143788,2532915
2513152799,2517808
2515866519,2771536
2521282638,5467915
2526779089,5224732
2530634865,2471897
2536285443,2359905
2541027195,2622506
2545854180,2481600
2551137450,2303073
2555949550,3791705
2559425231,2343550
2564639520,2432418
2569019463,2531984
2572919308,2649035
2580918523,2638184
2584186698,2478976
2589011150,2597748
2596807185,2482926
2601216254,2417473
2605289804,2439912
2612633794,2545330
2617506450,2530165
2622553337,2432770
2626562940,2483589
2630611276,2618406
2634455664,2488440
2646131682,2512980
2651116439,2643473
2653970466,5367734
2656875278,4894489
2659709878,3271998
2673811194,2584572
2679176927,2691055
2682056665,5364790
2684845879,4484715
2687576026,3093909
2696309999,2511949
2704902152,2521632
2709060794,2534020
2713239801,2491797
2721516798,2453550
2730990290,2581382
2734400250,5870180
2737185042,4265779
2740307248,2410205
2744426317,2463908
2754592110,2529637
2758717864,2500394
2763479854,2571698
2769059813,2624789
2777237804,2463691
2781097940,2589959
2784814425,2434961
2788474229,2533143
2797298188,2563001
2801538902,2459570
2806568233,2333306
2810699254,2486226
2820828412,2531045
2826228949,2708205
2834896162,11189705
2837654870,9640287
2842963445,5309478
2846961333,3777830
2850746891,3804109
2859515306,8499406
2862081244,3637879
2866852050,8541821
2870708628,3613652
2874804024,3825252
2882689510,4693274
2885375448,2445435
2892772399,2755347
2895401327,5013517
2901182640,2351472
2911104565,2508181
2913846756,5104070
2916547361,4293560
2919148809,2808092
2931634787,2515736
2935342898,2465170
2939610901,2716911
2942172726,4992467
2948286726,2543769
2954559264,2437022
2958595377,2443932
2962676391,2489809
2966697108,2486031
2970676735,2510285
2978855489,2546481
2982622645,2214935
2986548069,2446882
2990654777,2435037
2998549576,2524464
3002703873,2531994
3011047167,2518392
3014701037,2618041
3017432816,5194051
3025469635,2582079
3028771015,2531543
3032712426,2520123
3040708977,2493463
3044586975,2383319
3049102178,2495292
3052413615,2414088
3056974482,2439894
3066742148,2446350
3070711564,2499626
3074775008,2521362
3078657746,2543301
3082939520,2483627
3088965724,2568017
3093854901,3680285
3096673917,2570877
3100546099,2494351
3110821178,2808497
3115568523,2543565
3120742470,2605563
3127270374,3487724
3134310879,6237975
3138963889,4429380
3144976611,8853525
3149916639,4693272
3154716274,8454145
3158747129,3806389
3162780911,3817412
3169314721,2488495
3172862566,2497631
3177047146,2512058
3186396628,2837623
3189055155,5287879
3196803482,2602083
3199581607,5197999
3202283128,4145182
3208375032,2371079
3213491100,2580538
3221694220,2423571
3224801653,5415152
3227280115,3313904
3230591263,2359924
3236528989,2463961
3246642661,2483053
3250835918,2567102
3253589974,5142840
3256063933,4018539
3262948973,2921559
3270862825,2419732
3275930398,2508575
3280899040,2745137
3284105759,5744351
3286505069,4096905
3292557136,2277052
3300962625,2548097
3306204591,2485578
3310786335,2687409
3313650408,5349500
3316298777,4166992
3324672881,2492144
3328903350,2472120
3333274304,2545741
3336480842,2483979
3340874812,2555031
3350416065,2427014
3354216235,2439634
3358766950,2473534
3362714866,2425637
3366436356,2397475
3374473105,2374064
3379158566,2513753
3383145844,2477487
3390821655,6386430
3396050415,2544604
3402993373,4625579
3405828394,2571536
3410876761,4192125
3415945522,4789812
3418670101,4219215
3425698963,3252858
3428936241,2558480
3433552592,2466035
3443315626,2633269
3445925590,5153098
3450496864,2631697
3453106648,5025220
3458581414,2519348
3471039547,2502989
3477541252,5214523
3480443065,8449906
3483162317,2903319
3485834911,8350237
3492697991,2511180
3500773212,2475107
3504766735,2434051
3509161668,2480534
3513307879,2514572
3517524879,2467019
3522745497,2501416
3528441275,2523429
3532989496,2491314
3536840554,2542107
3540894693,2487528
3550656556,2557298
3554383587,2505363
3558970505,2572994
3561838400,5278219
3564562478,4379220
3574846612,2503379
3578627508,2482649
3582580940,2521731
3586639122,2494562
3589325443,5053883
3598617744,2452939
3603481539,2491303
3608249419,2458638
3614438751,4168044
3617165802,6764241
3622515122,2530013
3626176992,2413327
3630441003,2546000
3639379017,2500882
3642868971,2534159
3646615611,2478958
3650868710,2495696
3654883224,2518259
3663414461,2474914
3666976694,2468650
3674975964,2631062
3680338036,3909703
3681557207,9054610
3686742111,2498047
3690563111,2487192
3698671532,2517559
3703182818,2396477
3706731648,2349876
3711214512,2463816
3714912435,2457885
3724712229,2561872
3729183847,2530990
3732923738,2481324
3737401984,2489885
3742648243,2489639
3750768218,2550662
3754658863,2629502
3758547375,6365572
3762619562,2405009
3767906790,2373797
3776900650,2502452
3782538228,4154204
3786049924,2545034
3794949002,6461376
3801181093,6327635
3806766387,8758254
3809557263,2571282
3814271519,9859147
3818707194,2668881
3822631995,2415665
3830992023,2380719
3835870990,2514115
3838503847,2637166
3845607436,2558643
3850220209,2481688
3854521549,2437125
3858635594,2506212
3868366480,2536970
3872729451,2640356
3875657571,3251565
3878338827,4203005
3884435169,2478751
3892460980,2476952
3896974767,2494628
3900630866,2470460
3904611344,2445732
3914516784,2503238
3918556776,2519533
3922457862,2548785
3926757753,2429011
3930942938,2525558
3942783676,2632990
3945535320,5283435
3948459257,4366941
3951067124,3025507
3954744611,2482541
3966819136,2677598
3969490911,5251680
3974738030,2600127
3977353661,5100643
3983112804,2490919
3990712126,2447956
3995561498,2453253
4000838928,2621540
4003537157,5152567
4013627105,2495812
4018276959,2384826
4022300345,2410450
4026833002,2434651
4030640308,2405569
4039250635,2592627
4043132922,2533449
4046707361,2520204
4051423117,2483058
4060782932,2499198
4064668587,2617671
4067508640,5321516
4070253818,4107655
4075337844,2436937
4084073671,2487617
4088630375,2511616
4092912472,2563732
4095525979,5060739
4100473723,2497439
4109113667,2503438
4116686819,2599977
4121150051,2604712
4125326868,2555860
4130485239,2478407
4134543736,2480327
4138644820,2578661
4142635110,2505777
4151525105,2367597
4156633960,2403401
4161528166,2408690
4166595119,2458245
4169294670,5054798
4174303034,2354255
4184744640,2509692
4188737480,2507671
4192601896,2576825
4197074640,2304543
4205722667,2541474
4209594911,2497325
4216188058,2509021
4220805798,2571958
4223333810,4996863
4229130058,2581531
4232436900,2510320
4242515191,2525179
4246939860,2596688
4249769697,5331852
4252449363,3303806
4256476912,2501516
4267966911,2543594
4274511508,2759379
4277200602,3185557
4279948738,8065064
4282641254,4332447
4292637908,2503001
4296468724,2457918
4300777549,2552634
4305925863,2613417
4308639762,5094161
4316647880,2446789
4324713835,2480189
4328639782,2506267
4334493925,2467480
4338922215,2459224
4346901986,2474495
4349543979,5032645
4354908846,2689240
4358823477,2532509
4362916855,2475998
4374613693,6165530
4378821491,4005319
4383346311,7364076
4386243630,5509930
4394749940,10203384
4398392707,2412541
4402356739,2435145
4406861023,2385809
4414513495,2482163
4418616000,2387696
4423560439,2423498
4432733235,2639168
4435524667,2793356
4441242204,5776458
4446807502,5336748
4450810946,2443398
4454854063,2479559
4458694216,2450495
4466832900,6494471
4470871848,2439754
4474763038,2452945
4478774898,2472334
4488519108,2626588
4495378552,5329715
4498201616,2546454
4504089085,2469673
4508204668,2479512
4516585679,2433071
4520576175,2338633
4526591016,2492469
4534636529,6528496
4538726115,3898479
4542429555,6200815
4545122994,4688433
4550558691,2489724
4560342426,2543054
4563074778,3257693
4565850588,3623340
4568531005,4414807
4572509386,2465650
4583663146,2472125
4588503209,2575148
4591226740,5177762
4593851144,3119441
4601154402,2465630
4608906242,2468366
4614121653,2463026
4618929000,2657520
4621550430,5124063
4626489362,2501448
4635045808,2464837
4638872250,2479042
4642827691,2484170
4650954391,2542267
4653604739,5129720
4658518129,2489346
4663003145,2505664
4670629383,2484398
4676527477,2512432
4680919089,2583280
4683555050,5156225
4688502607,2483691
4696615155,2492600
4701785369,2482451
4706514585,2441265
4710589509,2608800
4713247628,5082266
4720876064,2457415
4728664900,2521863
4736721794,2621370
4739520488,5294250
4742148319,3757488
4750843131,2588444
4753523553,5173978
4758671241,2531054
4762931221,2296229
4766782594,2385546
4774769147,2407857
4779028537,2632128
4782560138,2462463
4787181229,2436156
4791143940,2476804
4799339050,2568470
4807647592,2388885
4812606576,2452585
4816815722,2484628
4822014290,2503392
4830905567,2662569
4833722940,5324011
4836404036,4021657
4840033121,2430261
4844602939,2493881
4854956213,2501988
4859023999,2449884
4862768424,2610096
4865537151,5234320
4868232801,3853796
4878992697,2517100
4883344237,2653276
4887297493,2467059
4890877771,2520112
4903198831,2447842
4908248774,2483109
4914188120,3021119
4916770291,2646986
4919646280,2560037
4928915054,2493717
4932583569,2460846
4937841688,2543669
4942962081,2691299
4945616089,5216068
4951052396,2517201
4958608238,2507362
4962653284,2556268
4967206989,2523614
4971326666,2395688
4974873342,2418898
4983107235,2442946
4986912462,2420402
4990939316,2389016
4999199980,2408296
5002641112,2419371
5010959646,2427702
5017005105,2508714
5022546577,3661409
5025915569,2458548
5034842811,6630203
5038077989,3009457
5042766988,2498244
5050771807,6817656
5054768978,3774407
5058777548,2905559
5066549608,6548547
5070747805,4002610
5074608911,2464585
5082745222,6448505
5085504400,2552371
5090644423,2434644
5095442586,2455334
5098727201,2513392
5106896024,2461997
5110608747,2514578
5114714169,2420789
5119570193,2553936
5127349952,5426578
5129993823,3920112
5137193261,2645342
5141374336,4202150
5146771142,5189524
5150657039,3690694
5154685028,3830845
5160470239,2518128
5166556948,4251209
5169381951,2589858
5173106094,2613940
5176971557,2538755
5184918696,2461650
5192910734,2666524
5195589774,3306645
5199256167,2398219
5205102075,2271725
5209847407,2413765
5219404319,2501109
5221956759,4948593
5227001230,2640415
5229576812,5089875
5232472510,2419087
5242683145,2270250
5247215934,2248757
5251321055,2361389
5257249515,2691067
5259800116,3372727
5268921338,2580942
5272765458,2444130
5276698166,2393561
5280797052,2600734
5286319554,2617998
5295320600,2558773
5297923565,5032409
5303072418,2388907
5305665170,4891484
5311250442,2596644
5322440251,2451737
5326834869,2634204
5329667298,5283398
5332339037,3439643
5335544288,2499225
5346606716,2453033
5350481502,2484756
5354597389,2464183
5358877856,2611008
5361490479,4951972
5370755270,2463390
5374414033,2488596
5378953995,2482627
5382906007,2460483
5386690064,2497969
5396533859,2460736
5400497044,2456214
5406219135,2508076
5412234682,2561839
5414801677,4864818
5419013970,2441525
5426762919,5733062
5434885570,6391161
5437690727,2596667
5442755769,5102807
5446620610,3677715
5454682354,6203617
5457138549,2270394
5463350263,4910780
5465937330,2398675
5470742217,3770812
5477329346,2422088
5484829506,6517998
5490852767,2654462
5494824570,4006654
5498651492,6129571
5502666892,3671809
5506802718,2525908
5515965868,2402911
5521516437,2515632
5526872998,2631920
5530770495,3957770
5534840997,3846822
5538841800,2617156
5548595018,6523625
5552864544,2451714
5555467739,2635035
5561490513,2557611
5566620150,5154044
5570369058,2395786
5578762862,2460455
5585421552,6685092
5590897582,2460719
5594810797,3964010
5598842222,6398464
5606749848,6302097
5609483679,2531399
5616358922,2525966
5621945821,2599821
5626523967,2489369
5634403801,6422931
5638642470,4035109
5642386925,6243421
5648767573,2488437
5652993653,2467389
5656866541,2781544
5659494862,5284485
5664453581,2489149
5673224610,2483522
5677179612,2563243
5687305602,9223503
5690101587,5686495
5693638924,3561682
5696727613,2404715
5700566414,2470231
5710396602,2450816
5714679958,2429989
5718808936,2469733
5723688695,2791697
5726347715,5114642
5736188965,2540183
5741775487,2441224
5746566771,2540425
5749326158,5222607
5751917309,3857456
5763185173,2484146
5766481676,2391464
5771655478,2483529
5776737507,2600722
5779427959,5132612
5784633804,2377146
5792480215,2271960
5800609505,2340290
5805092107,2384656
5808991339,2599193
5812227646,2279553
5820765868,2347746
5825200286,2434776
5829360868,2370526
5834643355,2555273
5843471431,2594839
5845987275,5033621
5850685276,2355285
5854789652,2361918
5858451866,2410581
5868757730,2590646
5871281992,5048943
5876567192,2499586
5880598704,2442350
5884806641,2656046
5893377841,2477549
5895970485,4973323
5900805788,2537773
5904570448,2502543
5908793066,2531926
5918535945,2529991
5922594060,2547556
5926722508,2411371
5930751819,2557450
5933501867,5170044
5946495839,2477537
5950520003,2690220
5953443578,5400239
5956019535,4063760
5958825417,2522467
5968863582,2513251
5972668515,2423972
5976809800,2523365
5980910887,2568996
5983494292,5009240
5992601918,2440231
5996792906,2479191
6000778854,2473990
6004598509,2508923
6008571492,2462282
6015407870,2491379
6019094220,2490653
6022631299,2495841
6026710671,2553403
6035640631,2652028
6043334101,2499639
6047270066,2508282
6050610853,2450169
6054711973,2474330
6058849271,2518063
6066180973,2485459
6076750889,2575698
6079545777,5270922
6082314148,4068977
6085003338,2839126
6088702909,2490318
6100678465,2506002
6105325606,2615413
6108071362,5328575
6110752113,4473164
6121592027,2528766
6126375688,2517156
6130748325,2482287
6134945188,2484123
6138811715,2486141
6145298157,2501019
6152509801,2464908
6157158203,2610899
6159818294,5147140
6165894066,2549615
6170424329,2534129
6174549159,2466267
6182956059,2619876
6185567076,5070459
6190711537,2600060
6198759336,2530587
6203507097,2490105
6208590153,2481028
6216401209,2498384
6221170185,2490662
6225320643,2467071
6234705023,2492213
6238639935,2435945
6242939576,2475375
6247681066,2451111
6256817980,2492170
6261382827,2632264
6264072255,5169596
6272695307,2522746
6276452989,2556181
6280732553,2563402
6284687102,2451634
6288794583,2486073
6298654330,2515724
6302964225,2491061
6306908824,2439873
6310627872,2518768
6320764242,2488374
6324936540,2474179
6329205234,2476304
6333581988,2463126
6349201978,2558414
6352030130,5296927
6354736876,4370085
6357645444,2616837
6360279164,5126344
6372507663,2454061
6377081243,2508193
6380789462,2446524
6385844236,2479915
6396556051,2480350
6400667214,2564594
6404638417,2441295
6408843967,2589517
6411502903,5098843
6427656174,2544293
6433010582,2751447
6435940595,5316613
6438604177,4197275
6452503713,2628798
6455103672,5135207
6461106129,2736686
6463730523,5103871
6476541569,2497774
6480750233,2519671
6484798006,2477216
6489232146,2545955
6500722166,2460992
6504615981,2497516
6508640530,2468353
6513295501,2462916
6522612933,2486291
6526590329,2486041
6535373947,2663488
6538134830,5222354
6546619454,2462912
6551613437,2444931
6556345460,2515833
6560667826,2488862
6564920253,2478247
6572399931,2485060
6576622030,2487370
6584700697,2490759
6588426508,2455058
6597108201,2546419
6600271310,2436686
6604926294,2533354
6613715624,2503307
6623539342,2612509
6626396170,5369254
6628976902,4612514
6636584654,2534538
6645396694,2469627
6650454119,2563866
6653196853,5153254
6659034343,2522153
6666758906,2609448
6669600255,3621041
6676528129,2527576
6680672835,2464878
6684506903,2406702
6690729858,2447136
6699337199,2671884
6701975182,5227729
6707206443,2640817
6715243338,2558153
6718856180,2451275
6722672738,2378031
6731649916,2453009
6741751593,2508138
6744592723,5189343
6747197095,2974213
6751449655,2443207
6758547751,2452079
6766991013,2412078
6771309790,2414773
6776554270,2504494
6780750533,2553455
6793793093,2434694
6796651975,5202746
6799351998,3235924
6803216713,2457917
6818790553,2460600
6823435788,2657350
6826259292,5304458
6829131486,3992785
6831734027,3026947
6842602803,2455468
6846630834,2587695
6855272810,2581108
6857951080,5189680
6865105593,2458145
6869797899,3280846
6876532212,2494351
6881139628,2661135
6883745789,5163232
6892699986,2469115
6896748369,2464500
6901369654,2456736
6906205844,2439826
6915037323,2436386
6919221541,2514188
6925081285,2548643
6928700197,2521109
6936744814,2557470
6940611579,2481105
6948838926,2500793
6952905147,2488576
6958461675,2512998
6962384188,2541576
6970529260,2486781
6974585619,2464639
6978578714,2494743
6982625889,2477899
6990781709,2417345
6995935277,2353060
6999533008,2488169
7008465145,2461384
7013066559,2506153
7022621948,2478733
7026511428,2482071
7036384513,2531976
7037781072,2964188
7040428546,2589539
7048751380,2513517
7053031482,2483060
7062633041,2615627
7069031120,8856208
7071648762,2743415
7074372702,5546628
7080630003,2508905
7090533556,2474213
7094693889,2621195
7097426316,5289854
7100121101,3842620
7110780078,2512104
7115167513,2526210
7118897566,2472226
7122788853,2508116
7127812808,2547109
7138910582,2598757
7143567401,2504875
7148993261,2805988
7151649595,5309128
7160649860,2495417
7164631353,2524975
7168612184,2478555
7172828654,2452256
7176693405,2517495
7186396814,2372809
7190978348,2430159
7194747044,2483187
7198725063,2461780
7210826084,2649812
7213405789,5099489
7219592145,2478127
7224342645,2352184
7229239051,2530081
7232802573,2451110
7236893340,2464692
7241293182,2585624
7249217280,2570793
7257686557,2700893
7261568741,2344822
7266292318,2463469
7270413957,2432982
7275728754,2557642
7282413446,2507037
7286668013,2405420
7290550403,2301130
7294766781,2452157
7299560169,2424334
7309986019,2475452
7314536249,2496406
7318710371,2490352
7322585132,2454121
7328422338,2534875
7334613541,2460736
7343120975,2565194
7347415827,2456002
7350650849,2480707
7354697631,2500451
7359381616,2485439
7366518591,2458405
7371037069,2478465
7374720778,2486129
7386210812,2526264
7390996089,2627011
7393817517,5301020
7396410308,4167231
7404305879,3434069
7409129996,2506553
7413092715,2508955
7419474577,2499004
294123294,100651955
294604682,11739503
296002495,249037009
299116784,66288199
322562690,3131518
325747282,3627464
330603829,8564379
350080872,2915565
355036358,6198258
368186204,2791146
375764218,2667966
381253756,2618408
400983077,6542864
406027822,5371217
412499464,6496131
422480899,3078583
431382308,2884233
435688778,2646941
448098364,2863272
455820468,2630990
460086502,2620129
472310276,2897498
480867966,3060455
484511621,2556261
497315947,3304513
500732353,2699535
505131748,2709865
514283644,6711913
526432509,2787368
529564889,2589262
534077768,2936710
546074123,2740493
549547693,2573477
554051652,2608228
562696930,2679837
576316079,2846947
579302261,5835030
582139499,3790757
595669194,2860435
600457818,2653912
604250034,2670591
607866030,2610557
620327796,2787576
624531352,2582441
634199599,2743487
637492387,5859881
643792006,2678546
649388835,4179358
655772244,2640000
665079025,3614502
668391069,2744639
676265000,2695912
679975469,2628321
687717890,2712588
692963820,2578686
697868843,2554546
701695495,2586682
706468052,2900453
713724760,2620248
721669087,2729446
727037193,2794888
732211089,2982934
736601064,3060305
741414561,2552974
745777998,2577781
753729697,2633725
757482681,2559570
765582246,2623713
769931202,2657902
773631681,2597419
779954458,2908202
783793185,2601092
793505761,3537818
797084482,2677967
801231900,6613505
805802188,2621127
810913386,3531648
818553250,2661822
821664225,2575116
826503004,3145366
830998542,2583694
836481858,2626942
841948259,2861893
846607023,2639346
851432812,2565589
855644596,2605388
860164925,2606415
863987848,2613496
868351622,2714782
875552028,2572649
879810815,2575144
883874058,2556369
888456835,2545795
893565632,2620288
902771017,2902919
906580083,2757011
909376138,5353325
914785032,3617160
920535168,5211431
926543046,2700447
932847741,2762552
936500329,3778861
940520946,4023719
948482473,5178187
951353243,2605638
957994316,2626197
962585656,2591921
965949454,2549207
972428881,5415555
977807612,2627194
981622230,2540076
985688610,2643116
990693727,3256597
997425294,2540004
1001705415,2605157
1006266399,2899893
1009644234,2549195
1014269730,2794916
1021646904,2623020
1026155739,2864176
1030265351,2686849
1034061466,2756828
1038220581,2611618
1045745714,2541410
1050533429,2964629
1054344025,3280142
1058390520,3075587
1061823186,2749464
1069641224,2578157
1073817021,2536583
1080440868,4863595
1084161750,3427053
1088435252,3405376
1093036817,2588868
1097585632,2518300
1104825925,2658869
1109573326,2521166
1113828709,2566735
1118744370,2579751
1123514800,2550997
1127507684,2578191
1135537598,2587494
1140099900,2567758
1143792006,2547957
1148628402,2575778
1153543985,2527657
1161982879,2647180
1165669390,2519456
1169177631,2532359
1173611246,2565996
1177935593,2572573
1185593589,2612195
1189922552,2581852
1194464635,2580872
1198166487,2545961
1202355408,2542820
1211843547,2618752
1216794660,2595592
1221350203,2683038
1225762574,2783248
1229533256,2623026
1235680328,2583280
1240693670,3483311
1247644253,2597004
1251975944,2618987
1259596343,5608239
1263707490,4188238
1268348535,4386779
1274021279,2650067
1278800379,2584202
1283683024,2687131
1288512683,3190941
1292324203,3123936
1297818491,2555901
1304473693,5341578
1310937577,2635951
1316021142,2544398
1319741160,2585374
1327750439,5736213
1331532693,3922249
1335584901,3778780
1339947785,4758316
1343041302,3702539
1354361638,5419628
1357347501,3192307
1360407911,6367166
1363870492,2588775
1373529644,7495014
1376889092,5725358
1380045381,3216137
1382865595,3608206
1390485111,2630437
1394761404,2544230
1406049682,2781498
1408767935,5261865
1411667386,8221343
1414430945,3335519
1417814130,2511471
1427917351,2700003
1431649718,2592735
1436059973,2494242
1440235655,2674279
1443003314,5292747
1451825307,2614812
1456193314,2612580
1459992728,2531225
1463933701,2555362
1468403903,2554950
1475553481,2533538
1480052515,2579533
1484747088,2552586
1489535876,2510988
1493771566,2607878
1498032047,2812262
1503706491,2590633
1508116398,2586650
1512644266,2522185
1517736422,2535230
1522282522,2548186
1529587648,2520232
1534486608,2590291
1537923508,2577962
1542001357,2598085
1546715790,2611330
1554375039,2770848
1558305759,2551337
1561971932,2660936
1567250119,2608464
1571979343,2622710
1579865105,2726332
1584228849,2585160
1587594046,2536288
1591698320,2542453
1596076710,2557256
1603696162,2624139
1607859555,2480371
1614055154,3986988
1616740651,2674937
1620010443,2595779
1628181318,2683804
1635278803,5409425
1638400033,4414710
1641428163,3832780
1645429485,4271792
1651945217,2622303
1655884317,2596206
1660209817,2980644
1664432475,2534745
1667780019,2533806
1677335780,3701029
1680309972,3022406
1684660751,2587992
1693038248,5619535
1698158069,2673760
1701958040,2608196
1709413190,5659984
1712987832,3190869
1718094541,2578897
1721693187,2512640
1730244372,2675646
1734118559,2576658
1737584335,2512658
1741671614,2521502
1745859793,2510034
1757541811,2733113
1760336122,3336744
1764206824,2593461
1769679074,2677449
1773085508,3805754
1779813007,2611125
1783646572,2557245
1788787722,3044787
1791601494,2551459
1798315382,2515515
1801927677,2555818
1805590932,2533687
1813664357,2650243
1816498519,5280875
1822617891,2534759
1828418354,3416221
1831360759,2549196
1835817066,2569506
1843591299,2516718
1847792911,2564397
1852141817,2666082
1854868746,5238707
1861186712,2526038
1865409962,2525376
1873996133,2543638
1877885498,2656317
1880628149,5248064
1889969469,2528386
1893771330,2524102
1897621841,2555515
1902371783,2528720
1911410108,2553278
1916316548,2553601
1919942315,2687218
1923073187,5575622
1925946794,2594202
1933568403,2530052
1940014387,2572416
1945680339,2683313
1949569772,4232727
1952380020,2517427
1958301768,4858755
1964509040,3198501
1972036898,2592164
1975979991,2695699
1980440696,4537899
1985671912,3638771
1994501941,2710832
1998603477,2544439
2002769831,2570733
2007762103,2564270
2011580705,2573966
2019564254,2586446
2024049149,2605042
2027895157,2545103
2034927829,4860684
2040450127,2938588
2048031792,6683385
2052436753,4188391
2056328746,3642614
2061368733,2563845
2066385501,2584623
2069558634,2541988
2077751934,2527242
2082144178,2572232
2086040335,2592088
2094457351,2611210
2097215210,5083172
2101673894,2504081
2105489326,2450599
2111004622,2543118
2120258713,2654739
2123205007,5519330
2126004695,5206664
2132066094,2512904
2135731643,2526151
2144172566,2638534
2147815938,2574086
2151821627,2577706
2155727547,2558337
2159930565,2547648
2167683002,2574619
2171823527,2547089
2182510979,9290268
2185483199,6910913
2188340287,2908237
2192412421,3564729
2200417181,7113089
2207758187,2684735
2211805708,2496297
2215840601,4094710
2220343789,4246758
2224293149,3009089
2231937932,2733307
2236967684,2632777
2241611920,2591759
2245735933,2578500
2250974999,2665009
2255619660,2533830
2259812731,2528642
2265970339,3771242
2271183301,2757762
2275660260,2624635
2279577795,2550953
2288909437,3056686
2300905928,4853901
2310172502,6714713
2314853894,2643628
2319618671,2657489
2323810064,2718386
2296096245,2536137
2328384428,3384636
2332334569,2900292
2339853168,6768166
2346163654,6037635
2349079157,2596731
2352457996,10415731
2356432020,3104698
2366432909,2618444
2369521601,2638061
2376420625,5191522
2380392507,3739228
2384309209,3692238
2389886460,2545829
2398408656,6648494
2403196684,2713842
2408502259,2678620
2411955186,3579864
2416478789,2585673
2421704334,2554341
2425811383,2491016
2435978577,2687694
2438924517,5495129
2443393851,4977495
2446718200,2682420
2451051225,3899872
2459850682,2537848
2464079693,2625768
2467586964,2596991
2471842252,2602852
2475844230,2510319
2483803579,2586689
2487795563,2623307
2491980916,2554327
2500430392,2567933
2505550698,3570643
2508452981,2971278
2517624366,2616068
2520471826,5336344
2523172308,4062737
2529509042,2534178
2533699123,2602239
2546438530,2807320
2549249774,5473903
2552808469,9019353
2557621186,6130934
2560432222,4829811
2574054803,2703718
2580216188,8726888
2584277069,8813078
2588343317,3785934
2591526924,2540100
2599908043,2575839
2604068632,2567217
2608196472,2515015
2611837423,2557010
2616656449,2498505
2626192091,2677514
2644603946,16575392
2647491854,2925902
2628957169,5283068
2651570872,7137213
2654284173,2879508
2657065445,5732181
2663770803,2554626
2668227842,2578069
2672497737,2520296
2675927219,2528396
2680173709,2549472
2688162014,2570625
2696518384,2484833
2701705204,2479540
2705857704,2745570
2708639293,5226960
2716372724,2652777
2721381577,2607634
2725554083,2491690
2729249663,2368319
2733396214,2535778
2739640145,2584851
2748481659,2552519
2751414744,2554827
2755955170,2533395
2760177545,2540705
2763888921,2493394
2771540525,2487488
2780224712,2623144
2783749788,2372068
2787622338,2406624
2796444544,2554529
2806345767,2713447
2809559090,5649727
2812339443,3581309
2817932289,7774582
2826666719,2571697
2830554084,2680339
2833363408,3418745
2836110806,4158737
2838825800,2473405
2849581406,2523975
2853604821,2559294
2858714242,3493177
2862003425,2760722
2868388748,8979386
2873898725,2606152
2880280097,4910244
2884466448,3880519
2888344143,3676000
2892291132,3742270
2897831164,2581294
2904525160,4827191
2908470298,3691161
2912302918,3608800
2920654052,2686847
2924338402,6495418
2928469463,3254540
2935883358,6917864
2942632879,6383173
2945657351,2716184
2951968530,6332468
2954847499,2571309
2960449444,5375218
2964369705,3715436
2968323636,3745799
2972319062,3768763
2980370814,5012240
2984115474,2916988
2988241866,3139502
2992366719,3322430
3000356188,7405770
3003308305,2657286
3008632597,5475356
3015861453,2771826
3019590938,3678855
3024374969,4562165
3029591194,2599866
3033524234,2561935
3040309141,2801002
3043828992,2610071
3048376576,2837987
3055725660,2708484
3060485815,4769041
3064196095,2474855
3068315420,2831474
3076011076,2619388
3081083993,2569033
3085499983,2538402
3091854639,2561540
3095599790,2500952
3099574964,2524885
3108402891,2654547
3113536816,7565489
3116828598,2477947
3122111915,3107818
3125692796,2550310
3131538468,2531917
3136888080,2469614
3141551405,2462417
3145767769,2464817
3149528733,2511838
3156392972,5043080
3161774169,2619879
3166095853,2534020
3171074542,2623183
3175692799,2509952
3179913537,2546952
3184017204,2562430
3191859326,2494432
3196068546,2400277
3201504350,2564243
3205662438,2538603
3209769473,2591256
3215645827,2547164
3219848496,2601543
3228387943,2670647
3231167246,5285799
3235777935,2487138
3240439249,2467119
3245601388,2463585
3253822685,2526757
3258064088,2639197
3260780114,5266441
3265633010,2626638
3269649357,2500425
3278281022,2582706
3281926300,2529258
3285695777,2487635
3291092861,2508018
3295949650,2471026
3300100570,2522509
3304380599,2548825
3308547396,2494760
3317274266,3325845
3320227128,2626930
3324014890,2543034
3328157274,2522073
3338169181,2545995
3342064683,2583673
3345588611,2505152
3349525225,2466901
3353749212,2535757
3368499254,4891963
3376518923,7770118
3379341045,2574497
3384385798,20679711
3388253208,17114619
3393750779,2538845
3399952904,2647062
3402716962,5310695
3405520843,3789358
3412573239,2516869
3417643630,2490465
3423429453,2528209
3428011273,2631568
3430765235,5198004
3435931410,2558736
3440949211,2487838
3445644086,2539495
3449772022,2545728
3453938574,2506778
3457616249,2487684
3465809076,2563552
3470023075,2531420
3473797500,2520791
3477747444,2523499
3481836655,2525258
3489548672,2538388
3493802174,2474420
3498631166,2440687
3503495402,2538251
3507803533,2498852
3514013300,2532326
3521945119,3032631
3522222962,5556461
3529638433,2522764
3538169098,3701949
3543588926,8195389
3546295242,2828086
3548975952,5681924
3554133823,2524081
3561918213,2542506
3565545641,2456873
3569997937,2566230
3573874085,2478434
3577673641,2564959
3585688805,2594444
3589516454,2544937
3596393147,5142497
3600348776,3711510
3605134499,4582427
3610007994,2567502
3614891094,2528560
3619726655,2501444
3624468077,2596435
3627960901,2493492
3637732893,2588966
3647262184,8135273
3651611928,8236859
3658204854,10489177
3661196299,9167324
3667611220,6505782
3671914248,4087595
3676406860,4283778
3680354631,4000736
3690118787,6629527
3694010277,8061438
3696704821,2741184
3704494940,6464913
3707191430,2808468
3713559735,2501325
3717812272,2563402
3721645631,2486048
3731133284,2736984
3735843579,4745928
3740383581,4279479
3744501813,3901102
3748397897,3887213
3753737795,2649836
3759104547,2784631
3764436428,3497304
3768352249,3099131
3774820673,5680366
3782059958,6946653
3784976099,2637791
3792063736,2673455
3795655993,3651093
3800274259,4403470
3811209053,6571864
3811520947,2846648
3816431999,5215590
3820385809,3734995
3824414263,3741749
3834150208,2771205
3837886506,2604968
3844562444,5607345
3847485127,2649578
3852355524,4892859
3859463018,3929558
3865011997,5221617
3867823349,4453820
3872297354,4507179
3876330178,3832036
3884639530,5250579
3887348552,3930886
3892376471,4076921
3896331167,3000988
3904548332,6611609
3908648416,2499772
3913476572,2461146
3922023638,2667838
3928579139,6498034
3931437854,2606332
3936376207,4668409
3940361030,3759828
3946526407,2625392
3951561327,2543912
3955803535,2528608
3962274866,5189108
3965010729,3952774
3971860262,4015229
3976409108,5249283
3983726695,2689299
3987925872,2615233
3992217070,4326096
3996365075,7202476
4000395591,2956692
4007451216,2583437
4011796644,2622266
4016248472,2589594
4024393993,6371082
4029457210,2539865
4033434693,2492506
4037578065,2521865
4045535745,5879646
4051585335,2542006
4056267255,2781169
4060060044,6378083
4062800616,3745043
4069336188,2530558
4076336554,3340208
4080336803,3041923
4084395349,3097856
4092370073,7347318
4095539660,2495148
4100096453,2506170
4108441057,6412187
4111373984,2594848
4115798230,2566087
4120363037,3449421
4124320169,2764204
4132837819,2594920
4137731381,2566689
4141862150,2522894
4146739612,2605420
4151449208,2535781
4157112213,2536044
4163010853,2514716
4169435652,2614016
4172134427,3294830
4175731469,2548852
4183803414,2474723
4191006388,5820639
4196413281,3353181
4199263455,6052803
4201962997,3396817
4212493337,7656591
4216268924,3115253
4223716801,2633093
4228380999,4642679
4232303066,3690936
4238152940,2572699
4241929503,2501972
4248331093,5151121
4253819112,2550362
4259138711,3742624
4265046879,5601855
4267733232,4073218
4273569081,2520337
4278337098,2604720
4285936298,6496847
4290199369,2568361
4294608751,2553544
4300480258,5410190
4306082202,2594825
4313687261,2501760
4318766016,2582621
4323178222,2490139
4327540661,2490679
4332210169,2614356
4337536114,2503167
4341224340,2467220
4349860040,2551135
4359153749,7948485
4364178800,4770462
4372500180,8307435
4372817532,13081595
4375960779,3232853
4378676366,2479720
4388125857,3115463
4390835937,5688591
4399364450,2652180
4402017881,5184433
4407196209,2460941
4415845996,2594758
4418547687,5191219
4425673856,2552859
4428435126,5209591
4431103759,3561293
4437796631,2471466
4441703900,2495533
4449474617,2512765
4455502440,2644171
4458162097,3220503
4461677163,2559091
4464343709,3317948
4473313358,2480126
4478803841,2498460
4483682805,2577143
4488247243,2512847
4492213748,2476296
4503956796,2513733
4509118104,2561509
4511909977,5224238
4514545185,3172733
4517763186,2568445
4525879533,2474000
4533952647,2624963
4536631030,5192749
4546133057,2706745
4548922604,5385615
4551660817,4526348
4557948170,2532670
4565618113,2539296
4571403681,2486637
4575840821,2682058
4578693585,5243649
4581308640,3750367
4587590413,2499637
4596846454,2547985
4601702315,2628736
4604549857,5349715
4607227065,4089729
4611694278,2510989
4620458360,2530071
4627983060,2697360
4631858899,2615001
4634530820,5153181
4641344109,2556910
4645763023,2481188
4654096246,2791857
4658306941,2662525
4660969078,5175569
4665577319,2487238
4673905864,2588444
4677557481,2511483
4682209942,2495451
4686129420,2514036
4689846168,2576292
4699990782,2728407
4702834472,2527013
4707862753,2577466
4712004704,2615719
4726208178,2605325
4729115640,2990467
4731885175,5732915
4735205912,2622936
4739445856,2503303
4750107440,2669743
4754300668,2683983
4757117594,5385328
4760082678,4714815
4762760722,3512085
4776843133,5278831
4779873647,3785704
4782711927,2790669
4787901472,7962148
4790691596,7243961
4803784352,2924875
4806585492,3639028
4809287353,8254223
4814819124,2667544
4817456740,5187816
4827930711,2702489
4832707889,2508617
4837632902,2634853
4840561305,5381587
4843326467,4255961
4849927173,2545471
4857655225,2567510
4861932922,2481729
4872548972,8656550
4875418668,2581778
4880316271,16214873
4886876288,6335400
4890774527,7254823
4896373883,9196543
4900433671,3759025
4904376429,3720346
4912172637,7540605
4915210815,2729431
4920419758,5230904
4924358402,3679259
4932473295,5180483
4938041657,6885577
4940776490,5442760
4946381408,2664515
4952343900,5107315
4957354786,2527588
4961548794,2565984
4965670944,2481815
4972514900,5184670
4977888541,2618970
4981652646,2495903
4985921864,2579596
4992455552,4314012
4997875124,2669726
5003585481,4005846
5008013127,4152258
5012472370,4229196
5019366401,2535810
5023457495,2516429
5028442974,2670042
5032349860,2679825
5038580323,4642653
5043779030,2621815
5047618688,2560154
5052326829,3046199
5056487989,3419469
5063845052,2600522
5067979507,2577099
5072347232,3180229
5076575690,3122587
5084568644,7019729
5090007683,2712991
5096355105,6409305
5100253612,2545318
5104637500,2474233
5109610299,2540084
5115810035,2559769
5120418982,4363087
5124382897,3707224
5128408659,3498153
5134824338,5992799
5142620128,2669277
5145675589,2466769
5149705876,2579261
5152416058,5140703
5158818990,2541152
5168143405,2814980
5171037019,5623875
5173858290,4408604
5176561144,3350654
5192581744,8781976
5195344947,4202134
5199241223,9287717
5202065914,6373418
5204849903,4959341
5213744913,2498922
5217661091,2472543
5221891987,2500805
5226378042,2521881
5230426733,2513944
5237603496,2537124
5241830000,2461590
5245697838,2452247
5250181102,2490251
5254137665,2465935
5261486179,2474605
5265865601,2509483
5274108844,2659104
5276867090,5220099
5280875974,5297178
5286855776,2375899
5291706675,2485424
5296317878,3115182
5305845175,2617677
5308681359,3910272
5311318540,4550156
5318331944,2539222
5322177805,2562459
5329772801,2453463
5333995170,2573876
5336647019,5080908
5342193483,2511268
5346135046,2558763
5355870568,2489348
5360338375,2607115
5362986424,5081756
5367855131,2476718
5372566002,2567650
5382004631,2513666
5385657828,2450206
5389830451,2447013
5393881707,2521924
5398366777,2451383
5405902149,2552019
5411114712,2497718
5416588815,2488133
5421958830,2596301
5424598793,5111559
5429682170,2490304
5433800197,2456917
5443835585,2507818
5448042883,2479034
5452226896,2500239
5456539436,2424109
5461479781,2467557
5469582297,2444711
5473950214,2450366
5481341054,2493270
5486214185,2601883
5488819313,5134575
5494063272,2484310
5497967329,2398944
5506813648,2478074
5511543252,2442072
5516854750,2408673
5521590328,2466839
5525493845,2482990
5529511986,2462646
5538569773,2504736
5543926666,2555123
5548097633,2463759
5551673235,2476480
5555670110,2511355
5568315521,6816975
5572349687,3793233
5579074438,9318782
5581742626,2431672
5584537111,11327247
5591622057,2472645
5595523044,2519466
5601393259,2458944
5605601161,2445407
5609749889,2452091
5613943104,2526683
5618464843,2457729
5634681424,5955175
5637361689,2913051
5640232799,11440208
5645123779,5924391
5647842510,8871056
5653594776,2642951
5661625896,2505019
5671632099,7448130
5675516462,3644582
5680370941,8396017
5684385219,7265865
5691530857,10514544
5695734034,3926066
5700354756,4415849
5704354111,3800827
5711735127,10228800
5715583057,3576270
5720145967,2580508
5724283875,2508105
5729532916,2610335
5736445772,6930431
5739259141,2569141
5744419503,4556121
5751336659,6638886
5754195306,2565946
5759653718,2496387
5763654326,2467826
5767845699,2517921
5771795552,2576129
5775835648,2487043
5784247152,2480179
5788400625,2451326
5795867473,2626589
5798713245,5367364
5801328609,4157361
5808649079,2471409
5813531330,2493970
5817740728,2456654
5825692774,2569365
5828345982,5104740
5834704689,2476095
5841466539,2446797
5845417950,2456750
5849394610,2465120
5853542623,2439821
5857526014,2459266
5867785146,2567730
5870593731,5248127
5873279708,3805103
5876035802,2540295
5880115030,2485164
5891719432,2488831
5895768378,2597526
5898549857,5217581
5902270225,4124856
5905577584,4410867
5914174000,2565964
5917504668,2443474
5921594312,2500359
5925680230,2486992
5935019852,3390048
5943663892,7826106
5948114552,4194638
5950815385,8855168
5953634158,2455224
5957670841,2500355
5966358976,2509810
5971640065,2486362
5975736537,2518413
5979433675,2467323
5983519455,2481313
5989181089,2453785
5995773252,2562679
6000191941,2525266
6003502715,2435467
6007618946,2514991
6021397817,2524866
6025740062,2586473
6028474454,5111997
6031125330,3627065
6033867332,2466482
6043475972,2577973
6051844646,2595126
6054647744,5230758
6057247020,3519458
6060897073,2460267
6069461005,2510118
6073723427,2486160
6082712505,7239765
6088446067,9406695
6092323462,3664384
6096286568,3769519
6103550802,2582336
6107617087,2504201
6111484829,2502207
6116190339,2510786
6125617759,2607860
6129846670,2465407
6133863379,2479516
6142544571,2495798
6147351938,2498045
6151979010,2511608
6156338941,2524692
6159731021,2498798
6167693415,2517919
6175534159,2473232
6179474967,2478600
6183680815,2492849
6189616806,2481803
6193696828,2504243
6197986370,2497662
6202009915,2473566
6205742302,2588013
6215905389,2550792
6220019039,2488618
6224348081,2445627
6228564452,2446805
6244138900,2624403
6247004884,5320495
6249792614,4298559
6252555991,2531178
6267684884,2568567
6272137736,2617459
6274920201,5279741
6277616366,4149577
6280975841,2482067
6291636876,2502790
6295510790,2415166
6299853082,2531088
6303975478,2584206
6319139816,2484210
6322683006,2529914
6327625199,2467794
6331807936,2431566
6351440829,6678251
6355756143,4039195
6360395513,4401203
6368367980,23491509
6371202120,15154678
6376261852,5084405
6380250070,3038016
6384238196,2685466
6391555875,2524824
6395837851,2466014
6399763194,2520595
6408165473,2448880
6417606757,2529928
6421386701,2507851
6427999599,4473350
6432927063,4723443
6435696947,4719944
6441891200,2568461
6446779745,2432695
6455645956,2502130
6459904323,2515384
6468447708,7352053
6472326156,3310131
6476359577,2943056
6483447208,6130143
6488248182,4565031
6492095164,2507943
6496228630,3234122
6504427383,2503871
6513598970,2530189
6518384300,2535807
6521742038,2470510
6527548955,2368873
6536589880,2536161
6540537337,2538511
6545358880,2460607
6549657442,2490938
6554203941,2526688
6563423848,2458547
6567458960,2512347
6571623206,2561432
6575966726,2522040
6585897886,2593252
6589940066,2488522
6594166838,2471564
6598226313,2480276
6602122389,2500126
6610273461,2481753
6617745424,2483411
6622006524,2593044
6626763325,2513826
6636786353,2514239
6641684150,2466095
6646261525,2514738
6649623536,2473581
6662352320,2709849
6665241456,5527936
6667986115,4022504
6672959578,2452084
6675808201,2533355
6689263737,2747375
6692034432,5369748
6698119075,2492059
6701535168,2497632
6714057576,2566917
6718293526,2572303
6722875058,2659728
6725523340,5202255
6737623767,2498280
6741412519,2512279
6745954954,2555241
6750264295,2558857
6752945182,5124507
6764313879,2670577
6767068671,5391116
6771798193,2544286
6776103909,2558284
6783948100,2540222
6787812086,2540035
6796380143,2588270
6801093608,2497817
6810229279,2630028
6814214102,2548918
6820007937,2558326
6823533540,2537886
6828187396,2422217
6835585521,2480562
6839815404,2471751
6843972948,2420532
6848012248,2393982
6853526981,2421974
6861968295,2541988
6865553852,2447445
6869652083,2447563
6877488686,2460479
6881542505,2504456
6890358197,2572967
6894362689,2480524
6899501808,2517152
6903655176,2518221
6912660231,2543418
6917872219,2562815
6921695905,2468785
6925987212,2492380
6930192941,2619891
6939496492,2583791
6943744458,2516024
6952990588,2546515
6957581356,2523758
6961750547,2475036
6966470108,2535382
6969646281,2499897
6981068475,2513198
6985534485,2493802
6989508524,2449018
6993654655,2436284
6998085293,2480537
7010195049,2596710
7013953293,2584223
7016673298,5252306
7019352638,4032364
7030195756,2493059
7033835277,2535147
7038641812,2534021
7043820545,2631108
7048165217,2548353
7055715540,2550245
7063484366,2469916
7067618625,2486198
7071554921,2479675
7077694432,2478011
7081598164,2458696
7090058714,2722104
7092716463,4235404
7101351924,2506713
7105730478,2470581
7109836089,2496395
7114788716,2533201
7119730012,2511743
7127988337,2668562
7130689430,5298463
7136123380,2466862
7140192199,2447104
7144111803,2423700
7152427986,2449978
7156757070,2387266
7161324606,2481717
7165587690,2528677
7170722735,2526888
7183073297,8074968
7190785742,11461549
7193647127,10238704
7200387510,6763823
7205226250,2803398
7208276714,3119504
7212312096,3847460
7217705910,5198372
7224414911,9231442
7229548588,2500227
7233859039,2583748
7240272901,4656593
7243024513,2542520
7248264904,4896458
7254370060,2540550
7257750886,2431433
7266167748,2730119
7272367385,6252682
7275145449,2557847
7281275654,2499746
7285778214,2473043
7289491818,2463134
7296025769,4509654
7302743356,6865368
7308053853,2439130
7314796341,6767973
7319569545,2526935
