91717080394066,2805989
91717128805055,2688298
91717185129061,2730203
91717233215339,2763473
91717283146124,2683574
91717332940343,2779911
91717380918787,2750378
91717433029340,2739112
91717478918732,2658698
91717527206238,2717948
91717574892908,2692517
91717622672128,2637752
91717673015941,2741667
91717721064336,2741216
91717770507095,2760288
91717818856763,2740903
91717867766595,2762722
91717916953337,2755900
91717962786389,2688757
91718014877346,2627545
91718063653059,2694939
91718115005950,2656253
91718164814284,2590234
91718214107709,2663788
91718262853435,2655036
91718315709971,2712912
91718364833647,2648553
91718415330242,2754656
91718465016601,2713068
91718514844043,2669149
91718565148125,2714958
91718615770664,2664251
91718664116063,2692817
91718710974909,2749576
91718759177411,2766816
91718807197079,2711336
91718855198991,2732153
91718905555818,2740348
91718958872836,2709143
91719006776441,2692509
91719082854159,2729877
91719133312764,2818682
91719179505952,2755198
91719225096880,2732186
91719274105460,2703833
91719322809293,2719820
91719369143555,2778074
91719416914370,2736218
91719462946237,2695871
91719511741642,2738334
91719556844300,2801760
91719609880074,5808317
91719657825542,2710153
91719706701250,2687077
91719757027425,2710456
91719807003941,2704513
91719856453455,4037026
91719907480056,2670788
91719952831321,2712386
91720000866308,2682341
91720053147551,2713038
91720098954188,2699131
91720150818913,2728263
91720199207549,2754934
91720248787961,2712326
91720296914821,2677846
91720346917439,2662358
91720397178182,2717736
91720445394508,2703368
91720499019272,2706415
91720546217573,2656043
91720596752929,2682504
91720642977018,2653794
91720690754405,2653592
91720736886475,2743428
91720785394523,2714278
91720836669159,2656756
91720884976333,2682469
91720934781934,2650043
91720982618388,4394572
91721030808681,2717554
91721110824181,2717443
91721159591247,2733653
91721207183137,2663891
91721258934167,2694524
91721309018696,2748309
91721358947330,2689567
91721408218664,2709456
91721455035837,2720331
91721504999089,2693570
91721555060488,2653880
91721603172540,2714241
91721653868455,2689810
91721703104719,2756180
91721756108640,2709277
91721807180546,2678248
91721859067107,2681675
91721907002686,2676996
91721953467160,2657833
91722001341513,2678936
91722048922130,2668673
91722097945167,2716759
91722145476291,2717351
91722193178741,2783477
91722241424798,2703283
91722299009876,2678523
91722349350497,2842648
91722400953519,2752912
91722451412503,3303688
91722499379782,2718859
91722558307288,2726413
91722603000323,2692146
91722653093388,2721544
91722701041544,2698876
91722750808247,2719246
91722799082924,2728758
91722849737874,2714372
91722903515170,2756441
91722949078619,2724680
91722998971673,2704136
91723047033086,2780476
91723125308752,2765606
91723174962257,2705279
91723222843037,2665575
91723274995927,2725653
91723323254827,2697991
91723370907994,2704131
91723417106629,2720465
91723465374806,2653332
91723514906576,2682658
91723565308651,2741601
91723615131700,2745306
91723667039717,2708204
91723715039478,2678153
91723765056111,2684209
91723813118132,2767720
91723861200891,2725998
91723908995615,2767206
91723959945519,2717173
91724009195479,2801633
91724062504472,2700613
91724111022440,2708552
91724163756809,2762912
91724209015834,2713531
91724258831364,2632974
91724309416753,2716604
91724355138115,2705957
91724402797463,2663532
91724453800735,2787663
91724509224928,2758035
91724560333204,2728847
91724609120645,2707488
91724657337037,2751065
91724702987198,2696208
91724749296834,2745599
91724797143904,2720639
91724843101572,2731075
91724891549893,2694427
91724939330642,2741785
91724985778166,2746655
91725031098494,2795197
91725114920414,2677344
91725166970212,2711122
91725214936830,2696154
91725263865009,2780462
91725313161364,2775837
91725359218313,2685924
91725409175531,2732778
91725461251494,2765672
91725510296057,2779229
91725558815933,2670614
91725604831885,2584073
91725655553959,2698121
91725701165841,2695540
91725755529481,2713651
91725802895466,2638031
91725850937443,2641726
91725898877230,2701749
91725951141132,2703028
91726001297925,2693497
91726050675967,2869787
91726098871124,2681536
91726151099218,2778549
91726199557350,2726691
91726251126323,2749788
91726301629388,2711715
91726349067451,2699173
91726397556042,2739587
91726446941583,2666029
91726497050973,2773917
91726549022104,2747724
91726595490150,2710374
91726641119084,2653063
91726686916510,2684415
91726736994438,2711200
91726787254646,2713172
91726837016298,2782640
91726884943909,2648862
91726933400601,2766169
91726979040948,2777297
91727026939597,2641162
91727076578292,2697407
91727156022809,2746705
91727205048621,2718635
91727253320887,2709760
91727302777846,2631483
91727350827496,2713578
91727400985253,2714866
91727449780951,2719013
91727498897997,2727193
91727548937811,2716493
91727596807192,2668116
91727642982102,2653072
91727693211066,2765310
91727743609702,2687048
91727790529779,2607892
91727840985657,2662757
91727891459471,2696681
91727944903813,2801816
91727992880101,2680617
91728043221824,2706214
91728095362471,2678886
91728149446973,6391852
91728204141345,2832410
91728255778737,2836745
91728305143443,2710334
91728353055388,2802308
91728401123935,2716569
91728450065013,2617420
91728498985866,2697414
91728550839160,2665859
91728601050807,2733456
91728651161335,2660577
91728700924486,2626961
91728752986901,2802348
91728802896284,2625826
91728851022411,2642967
91728902068450,2577093
91728950985677,2752798
91729003266363,2707364
91729050759997,2614395
91729130960662,2692185
91729181290798,2714989
91729230760552,2686737
91729279545035,2733875
91729326914945,2702493
91729376897912,2643288
91729427168541,2656103
91729474736270,2681428
91729530719365,2696108
91729578808622,2636483
91729626769387,2533578
91729676961666,2715824
91729729542279,5050111
91729777065104,2712976
91729825042686,2721567
91729873176543,2687834
91729922956569,2648267
91729971948199,2681749
91730021135403,2747346
91730068299666,2681238
91730117089358,2690022
91730167148851,2721555
91730215009750,2701020
91730264848671,2698794
91730315061752,2701566
91730360955820,2614899
91730409519150,2628681
91730461201340,2869625
91730508860230,2681174
91730556882878,2672545
91730603065182,2595337
91730650999244,2674658
91730698920644,2677153
91730744988362,2623652
91730792729317,2564461
91730838998111,2658629
91730885126111,2750038
91730931051948,2652815
91730977338805,2754386
91731025144933,2724815
91731073706246,2588290
91731150737486,2733916
91731201100826,2670003
91731249174582,2697507
91731297477832,2700633
91731342856082,2681077
91731392869152,2724876
91731439156797,2790605
91731486829117,2639877
91731531007010,2681924
91731576972948,2710625
91731623321770,2678550
91731668815587,2708208
91731716933199,2697318
91731768736210,2543808
91731819251503,2718347
91731872437665,2668995
91731919033051,2647638
91731973057370,2719746
91732021003868,2704119
91732067102139,2709267
91732119305289,2680596
91732165197114,2728727
91732210915920,2665873
91732259786634,2729208
91732309060371,2736410
91732355254071,2652456
91732403583945,2721828
91732451556034,2727536
91732506041211,2715902
91732555004127,2690949
91732601233059,2717494
91732651702214,2845534
91732697219171,2701640
91732743023071,2662434
91732789024105,2732501
91732839736024,2742633
91732887173586,2719799
91732939306731,2685757
91732985419898,2723015
91733039452790,2736816
91733086383971,2669513
91733160900856,2738301
91733209685212,2755292
91733256098936,2725978
91733302862926,2681150
91733355014473,2619286
91733403175043,2684384
91733453056874,2760115
91733501312352,2750699
91733548831627,2747507
91733611916565,2713295
91733662963529,2725950
91733711808924,2695217
91733761968785,6560510
91733806802378,2694782
91733852873220,2755921
91733900922768,2730208
91733949002241,2729892
91733999039308,2677922
91734047261605,2720143
91734095963041,2694400
91734147025573,2683714
91734197988845,2666035
91734242667448,2720320
91734288917855,2716854
91734338966931,2736445
91734386895933,2667520
91734441918101,8116071
91734489420312,2704785
91734539441655,2806988
91734586862897,2724679
91734634642466,2627218
91734685304282,2687255
91734732807092,2696319
91734781035295,2712795
91734836705355,2702686
91734884713890,2726981
91734938866419,2676909
91734985154268,2726397
91735032801688,2780522
91735082859565,2692111
91735130727747,2645658
91735207006485,2769513
91735254811826,2688249
91735301245567,2706798
91735355046468,2767246
91735401253579,2721986
91735455239114,2819918
91735501188672,2765403
91735551041531,2713734
91735597070648,2706118
91735644851914,2723405
91735694884230,2687622
91735741142600,2759672
91735789689133,2756506
91735836828196,2537739
91735885163588,2776362
91735937577383,2783563
91735987483455,2742710
91736037571990,2756141
91736085475260,2722308
91736131177866,2747650
91736178859784,2773580
91736231003131,2768237
91736277574986,2760468
91736327044363,2658836
91736373254763,2801079
91736421229818,2805825
91736467164056,2658774
91736512969095,2681986
91736560935585,2653663
91736609167877,2727810
91736655197172,2714586
91736701289001,2860352
91736747198783,2734980
91736792998642,2746901
91736839423301,2723451
91736887028718,2744810
91736935220003,2749838
91736983146749,2691020
91737031134354,2829057
91737079030184,2677266
91737126976137,2707080
91737211280146,2697534
91737289381324,2772177
91737360836350,2736883
91737431074910,2715878
91737501310354,2716603
91737575525954,2746154
91737647090130,2678791
91737726942780,2702065
91737810993833,2684394
91737890777636,2712852
91737967223694,2704729
91738040777068,2709574
91738117116274,2727037
91738193171421,2734870
91738273604761,2773043
91738347251700,2674021
91738419376240,2735549
91738501107775,2681077
91738579729706,2754520
91738659980328,2728016
91738734882736,2797334
91738810949520,2701742
91738893632013,5037922
91738965552466,2703284
91739036919044,2682452
91739112781420,2715317
91739213457843,2828472
91739262971260,2689339
91739311143920,2712551
91739358770237,2605121
91739404947447,2709171
91739454942077,2753891
91739503021011,2711556
91739552857266,2674163
91739603307972,2647367
91739655339609,2726680
91739703046480,2680684
91739753167225,2741727
91739802966121,2721990
91739851325491,2724780
91739896845161,2676179
91739947005724,2695922
91739999946128,2707974
91740047716596,2680969
91740095789509,2724114
91740145631162,2673701
91740193962132,2716726
91740240503922,2798668
91740289703362,2769520
91740340977722,2750272
91740386936859,2682183
91740434847511,2660928
91740481471099,2706846
91740529367669,2726946
91740581216972,2725839
91740629185974,2735218
91740675061063,2708514
91740720954588,2716587
91740769155166,2732452
91740816019051,2708261
91740863543330,2788732
91740909053517,2714252
91740962961123,2710884
91741008963194,2693467
91741057122122,2742439
91741107389524,2789692
91741155223878,2785234
91741229101441,2729454
91741281465239,2764840
91741331477373,2760162
91741379359964,2727204
91741427679562,2784201
91741475345334,2780366
91741525822062,2713236
91741572936112,2743189
91741621128298,2735209
91741669023567,2728108
91741719195764,2751674
91741768409470,2741787
91741817090566,2742585
91741864233825,2736228
91741918076765,2668490
91741966863539,2710985
91742019338742,2748973
91742066932916,2677956
91742122047316,2707280
91742176626250,2753902
91742225193999,2730838
91742273576754,2752051
91742319143499,2691788
91742365551205,2657200
91742414910590,2698276
91742465116495,2761500
91742517272896,2708360
91742566984677,2675560
91742616257604,2691885
91742665153308,2709055
91742715150286,2724395
91742765259596,2677507
91742810990290,2614924
91742858816962,2679701
91742904875427,2711397
91742955377332,2743967
91743006881088,2657504
91743059304902,2658282
91743107289737,2633999
91743155029181,2728100
91743235062556,2666697
91743284982750,2794877
91743335656380,2756131
91743382863964,2619217
91743430712276,2638730
91743480680893,2617872
91743526854896,2674472
91743585472636,2772551
91743636642270,2612395
91743682775064,2648799
91743732649911,2698496
91743780817508,2660031
91743827309231,2672777
91743874919277,2698416
91743922850472,2646379
91743977295128,2695110
91744028768999,2658153
91744080398888,2721483
91744126831380,2736848
91744177051067,2700749
91744224770576,2695981
91744270888288,2660951
91744316709798,2693923
91744365099867,2689518
91744416175141,2704754
91744468994989,2677373
91744518149046,3988201
91744565534582,2663338
91744614912531,2721901
91744662932082,2651406
91744710462997,2740868
91744758897311,2722085
91744807545909,2751902
91744852982012,2593606
91744898699319,2675106
91744945054227,2668342
91744992927759,2833523
91745038863632,2653004
91745086972625,2747166
91745134939916,2644591
91745181066543,2555915
91745254693041,2683715
91745302570494,2603982
91745348720415,2745955
91745396917113,2694455
91745442662946,2603905
91745492869042,2759779
91745541031236,2704318
91745588699817,2724857
91745638580762,2536001
91745684808436,2690229
91745730685098,2705229
91745779286136,2709458
91745824905521,2694355
91745878040248,2675120
91745924760584,2690229
91745975062665,2731752
91746020762888,2720190
91746073053225,6993861
91746120772864,2697526
91746168903296,2686087
91746220533561,6117636
91746268835934,2737260
91746314847852,2679077
91746361034600,2643240
91746406760325,2662681
91746455264737,2776913
91746504815507,2710927
91746552859759,2734093
91746599212560,2734547
91746649030914,2740157
91746699051343,2715288
91746744897997,2737216
91746792817175,2773547
91746838650060,2625505
91746886636078,2678845
91746935921244,2729977
91746984902354,2715282
91747031037187,2672275
91747080890006,2802035
91747128950195,2716657
91747177279482,2720637
91747265138625,2711900
91747336981182,2734302
91747409140331,2730087
91747485194869,2838166
91747559138426,2727980
91747637522321,2725227
91747711189696,2718312
91747787479086,2736900
91747861205827,2729203
91747935784762,2720331
91748007148592,2716132
91748083293192,2840659
91748159028850,2691893
91748235049390,2688610
91748301180921,2790269
91748370581425,2696331
91748443223116,2689073
91748515426822,2754612
91748595514696,2764102
91748674868601,2695178
91748751055473,2714040
91748823002639,2693138
91748903333329,2757282
91748979527815,2756451
91749055042956,2739693
91749134650121,2698694
91749483045928,2710464
91749558770486,2764039
91749644993347,2756436
91749720829424,2784567
91749797285468,2766317
91749870626162,2744056
91749949083244,2637454
91750027370289,2710192
91750103024136,2703654
91750180935679,2794025
91750256165071,2715308
91750335330790,2754691
91750414816346,2667942
91750497315643,2756206
91750813085196,2770247
91750890470680,2724372
91750965228599,2754367
91751042938312,2697566
91751130870336,2682239
91751217156681,2756375
91751307187249,2749110
91751392787738,2698846
91751487212015,2736849
91751539470851,2744400
91751587186645,2707130
91751632832588,2677753
91751681894531,2736521
91751728828488,2740407
91751775391570,2765075
91751821056597,2727975
91751866630748,2680381
91751914717850,2675458
91751961096255,2798884
91752012948747,2744359
91752063242271,2730221
91752113112172,2683854
91752160994631,2687349
91752207020372,2700848
91752255403983,2699993
91752304238525,2766825
91752354913716,2710231
91752401031496,2692285
91752454956802,2694661
91752502763714,2736150
91752548950322,2762968
91752599643039,2731336
91752648748311,2721912
91752699278170,2729021
91752749533658,2722102
91752798995088,2686559
91752848686660,2688490
91752898953367,2702611
91752950227774,2698551
91752998014640,2688005
91753042745738,2712268
91753092688663,2642240
91753140783022,2688645
91753188794365,2766528
91753236827026,2739924
91753292811832,2719036
91753342784110,2694326
91753389939259,2743482
91753470905160,2704391
91753523790515,2795018
91753571026718,2711980
91753621067145,2705147
91753667035315,2739194
91753712938778,2751070
91753758802257,2729167
91753807098020,2743290
91753860468941,2751643
91753907125979,2799353
91753959094183,2705881
91754010978878,2701124
91754061879924,5624334
91754106954614,2788136
91754157170198,2773511
91754203054692,2754664
91754253887730,6022866
91754300315374,3117361
91754349005607,2772032
91754397406167,2752918
91754453897357,7281831
91754501011101,2754473
91754551016249,2732508
91754598951312,2685589
91754650026135,3317761
91754698736444,2629313
91754744972598,2661768
91754799251916,2636551
91754846897705,2637033
91754893008805,2673367
91754953328370,2663635
91755002987381,2634019
91755050983760,2647493
91755098124226,2643238
91755147726240,2677004
91755198965587,2659963
91755252352929,5508937
91755300200240,2822601
91755349210491,2744262
91755400193710,3635527
91755473411575,2695530
91755523325612,2690304
91755574956950,2663798
91755626069202,2659396
91755675046299,2659971
91755723633433,2682504
91755775130520,2660689
91755823349614,2694720
91755875243721,2646498
91755937370134,2708279
91755988890205,2720365
91756038085793,2689777
91756087424319,2692346
91756139339811,2722533
91756191957119,2671050
91756238869006,2664597
91756289517692,2790105
91756337049358,2674004
91756387016327,2633935
91756435260795,2672393
91756485753549,2673554
91756536049934,2671541
91756587125630,2669530
91756635148307,2690920
91756682966052,2643256
91756729014249,2711490
91756777276547,2671255
91756823090904,2718734
91756873852324,2693470
91756921575143,2718676
91756969987094,2691935
91757023395457,2682444
91757071724578,2673124
91757121140753,2679768
91757171085063,2623918
91757218822148,2616011
91757269363451,2757397
91757318145171,2746425
91757370654338,2635860
91757417156702,2674900
91757491042536,2666358
91757538873059,2648748
91757587088863,2687913
91757638901432,4540658
91757688834341,2624206
91757735215017,2673181
91757787357819,2660096
91757833622376,2747199
91757883044597,2672005
91757928799400,2585667
91757979217208,2745138
91758035809556,2754491
91758085242316,2741371
91758134205442,2678452
91758183156145,2743705
91758229139787,2636973
91758279890520,2633353
91758330562310,2737795
91758378809428,2633349
91758424912184,2664823
91758473668642,2735869
91758518861397,2693330
91758568034022,2684943
91758615558165,2728274
91758669068989,2700180
91758717138984,2688778
91758767001525,2719920
91758819614637,2716803
91758866926691,2664027
91758916952251,2712158
91758973853654,8826278
91759021157052,2717272
91759069844385,2730392
91759121039485,2746642
91759174905082,2674926
91759224975158,2673536
91759272936772,2634459
91759321836613,2722803
91759377176968,2723855
91759424965183,2674264
91759503085255,2746883
91759555005129,2690131
91759602986864,2737271
91759650956295,2658883
91759705191734,2632465
91759754997460,2632257
91759802751623,2664253
91759850946425,2692103
91759901170593,2739079
91759951857214,2630839
91760001541093,2760005
91760048882629,2675728
91760098702895,2645656
91760149470094,2659336
91760196807674,2678359
91760244696938,2656702
91760292573962,2608358
91760340664584,2615695
91760393157838,2699096
91760440883387,2649531
91760489201018,2695891
91760538746853,2653190
91760596842550,2707845
91760644838945,2630922
91760693002082,2729762
91760742719754,2645478
91760793814208,2727752
91760842687243,2593823
91760894325203,2744423
91760945605394,2693759
91760994643111,2656809
91761049357868,2699457
91761094777560,2636015
91761140861446,2635956
91761187240842,2687174
91761235718530,2762399
91761284705234,2713373
91761331079566,2669877
91761377289480,2682389
91761423348130,2616035
91761474703606,2627125
91761548729040,2694163
91761597546270,2622439
91761642734205,2636565
91761690558370,2633468
91761738599874,2631211
91761790788317,2677239
91761838773458,2647296
91761884560931,2619748
91761932869650,2714548
91761980810227,2704216
91762030862891,2644709
91762078840123,2646756
91762126695555,2658162
91762173779217,3652395
91762218630024,2674632
91762264822477,2688672
91762312750559,2668538
91762358758141,2675450
91762406953009,2644466
91762455366859,2646817
91762502792144,2650773
91762550253800,2609109
91762596764775,2676730
91762645160568,2759782
91762698804144,2676599
91762745186424,2691838
91762792863353,2670376
91762842668606,2651027
91762896880251,2730045
91762944810169,2696817
91762995358639,2656832
91763042738006,2646644
91763092958907,2742392
91763138778242,2711950
91763185352861,2760080
91763235590322,2724165
91763284949048,2743580
91763338850523,2638445
91763385440246,2734971
91763434754953,2642633
91763484816496,2739768
91763562917692,2720521
91763611026299,2672827
91763658823236,2668707
91763709659440,3470407
91763757232535,2680582
91763804946031,2717112
91763857301509,2708521
91763905306736,2742689
91763954979615,2691955
91764009000099,2702430
91764059025232,2684659
91764107180585,2676768
91764155391243,2698406
91764203056177,2622217
91764252848899,2714704
91764307239210,2666811
91764359032424,2689230
91764409467364,2720000
91764462903605,2683856
91764512747214,2658529
91764562733391,2687086
91764613053315,2734549
91764664998893,2736699
91764713172142,2688536
91764761158633,2685403
91764809742393,2710349
91764859304125,2736554
91764907649423,2683558
91764961002576,2675391
91765006893500,2674086
91765065301623,8683065
91765112811339,2704976
91765162927503,2766146
91765212854303,2678348
91765262940776,2657979
91765312851002,2674222
91765362956639,2655557
91765413334239,2682921
91765460981475,2696717
91765551146869,2682927
91765629118023,2749249
91765703371165,2655466
91765778893412,2710266
91765855163126,2657814
91765935299527,2714228
91766011183439,2671043
91766083050844,2649756
91766161116058,2710940
91766237083459,2697189
91766317111882,2700491
91766391561620,2752861
91766461163415,2692359
91766533356072,2672955
91766606933181,2542990
91766685321994,2735919
91766761662333,2638146
91766839162569,2657209
91766915282840,2708075
91766991130922,2669458
91767067045083,2695075
91767141480427,2693728
91767219547452,2708603
91767295291185,2693878
91767373174567,2683901
91767442225835,2747039
91767538768639,2637092
91767587336944,2647758
91767637025827,2676674
91767686455233,2632177
91767737201807,2695837
91767785412450,2697937
91767830890335,2701110
91767878569867,2588642
91767934834387,2702081
91767982769602,2639525
91768030194876,2689670
91768080854345,2689549
91768130682065,2652931
91768178986642,2624581
91768224673738,2668142
91768272711827,2690408
91768324150448,2701591
91768372830498,2677024
91768418923368,2648138
91768464815955,2638291
91768512828125,2687737
91768558824308,2645436
91768606832974,2662376
91768654600180,2628087
91768702575091,2603931
91768756592339,2671823
91768806873733,2645475
91768857121424,2688815
91768906688778,2627564
91768954536305,2622016
91769003355363,2753997
91769059185111,2681911
91769109361647,2737242
91769158974731,2726204
91769204962947,2689670
91769255412676,2775826
91769307068405,2693989
91769355068861,2747477
91769400981891,2691611
91769453613963,2668195
91769506709529,2646828
91769581001057,2841037
91769633350801,2633469
91769680959672,2685734
91769731228248,2686694
91769779048481,2669717
91769826937613,2683431
91769879691954,3375468
91769931491879,2702831
91769983655841,3134927
91770032980135,2738296
91770083206609,2679353
91770131100627,2734201
91770180911008,2702693
91770230972137,2667280
91770280959388,2712241
91770328975909,2676520
91770377376636,2627096
91770423211146,2646041
91770469993511,2660807
91770516944693,2720721
91770562791666,2653619
91770609464152,2660684
91770660963018,2652698
91770709709648,3383189
91770758917073,2711438
91770810825524,2736692
91770860998446,2705488
91770906867688,2556453
91770955029033,2621977
91771006825765,2662695
91771051275024,2672812
91771102837080,2717724
91771155514810,2672388
91771205007418,2661778
91771253675331,2687984
91771298807705,2646167
91771346755599,2611089
91771398927213,2710608
91771448986175,2715060
91771498803375,2662032
91771591165200,2674754
91771674836664,2649462
91771752860469,2695879
91771832933734,2697413
91771908943187,2701946
91771982881024,2670801
91772063324638,2685673
91772138980666,2752142
91772213097881,2680113
91772289211263,2752628
91772371171712,2707668
91772445735279,2659722
91772525048889,2695714
91772610555862,2693696
91772689033654,2728499
91772770911026,2693360
91772855004729,2650540
91772933672785,2668887
91773009084110,2705751
91773089998313,2687096
91773164965474,2702479
91773243282384,2706692
91773319044513,2645898
91773396786646,2601041
91773474824450,2653087
91773581620842,2690124
91773636220791,2692420
91773683555960,2657717
91773732885681,2740978
91773785772376,2682664
91773834996360,2682052
91773887016579,2664926
91773939062208,2702928
91773988609470,2704058
91774037551613,2718507
91774085496272,2723431
91774136276464,2671663
91774183051487,2708165
91774235390574,2713684
91774285030770,2719662
91774332968895,2661442
91774381420852,2712379
91774427091642,2699113
91774476664406,2629798
91774525084393,2661580
91774573451428,2697684
91774618881184,2658088
91774668938435,2610808
91774714762600,2636091
91774762958574,2683863
91774813518011,2638785
91774858873020,2666091
91774909061652,2741743
91774958769299,2694730
91775012930790,2654794
91775062318057,2659665
91775109095654,2704521
91775163007942,2634953
91775217039006,2658687
91775264851195,2693669
91775314772087,2656296
91775362912253,2618960
91775409838142,2704991
91775458865682,2654618
91775505424002,2672276
91775592889596,2659479
91775670622045,2647775
91775752943518,2663301
91775832717427,2674581
91775916048183,2686596
91775990711995,2637839
91776068910385,2850389
91776149068738,2756750
91776221052414,2691704
91776296872549,2678629
91776608871812,2722411
91776686960976,2647407
91776768886176,2728078
91776848774771,2691138
91776928747808,2685671
91777004680781,2667841
91777085268291,2701948
91777169916564,5818338
91777246760907,2687608
91777327051811,2710592
91777403840817,2823843
91777480874726,2754913
91777585140267,2662437
91777637109324,2665312
91777682790935,2640982
91777730919209,2635721
91777778782222,2683766
91777827742501,2674693
91777877875321,5506423
91777925178754,2722354
91777973415875,2539960
91778021815386,5573691
91778069138805,2827241
91778117381962,2662817
91778164888310,2648194
91778215104859,2691814
91778266784749,2648895
91778316757355,2714758
91778367014646,2641242
91778412938315,2690797
91778461304059,2559376
91778512782075,2595750
91778564910178,2679167
91778612848164,2668679
91778667233959,2679168
91778714829737,2612999
91778763513722,2725760
91778817023584,2766725
91778863924651,2694299
91778912800108,2704507
91778959056743,2681231
91779007174963,2684498
91779055294994,2660084
91779105062094,2716564
91779157447667,2732071
91779202858310,2697899
91779250865541,2652728
91779297105341,2636574
91779346835457,2717459
91779397123591,2662567
91779442881477,2684268
91779490953997,2712791
91779538899269,2705369
91779610974094,2646602
91779656789975,2690486
91779702915782,2734686
91779750464161,2662888
91779797014013,2688846
91779842871851,2680137
91779892944615,2696089
91779942870150,2706322
91779989031144,2719717
91780037092967,2790863
91780086871056,2680472
91780137324656,2703969
91780184939605,2708570
91780235211332,2651530
91780282905391,2718248
91780331167482,2774440
91780377143567,2797117
91780423069732,2687028
91780474974770,2643473
91780521372805,2719923
91780566739494,2652488
91780614887463,2721687
91780660936560,2721715
91780707459089,2645337
91780752847171,2677422
91780798859350,2605352
91780847209848,2728013
91780892994357,2723977
91780940082466,2735380
91780984993645,2725991
91781041109222,2710080
91781089089914,2704523
91781139231063,2716420
91781186970767,2676900
91781235167744,2640407
91781283040630,2686664
91781328973251,2675918
91781375730915,2705981
91781423199675,2667030
91781470953449,2683070
91781519135052,2704225
91781591074867,2655092
91781643240471,2677508
91781695003770,2683564
91781743032423,2753866
91781789074338,2659135
91781841658251,2710900
91781891378547,2683747
91781938982723,2672562
91781991238457,2663907
91782040842682,2615540
91782090489460,2617363
91782139184996,2661453
91782189044448,2707114
91782238828810,2637140
91782289061337,2796383
91782336918595,2642007
91782387500072,2672733
91782436415496,2721567
91782486997623,2676288
91782534823488,2519878
91782585114686,2694236
91782633461811,2723113
91782682839326,2600452
91782731318668,2645062
91782778881309,2657158
91782826121147,2701563
91782875032512,2651678
91782922776104,2643862
91782970810145,2686186
91783017000370,2777868
91783065582399,2765107
91783111440170,2711730
91783159006756,2736395
91783206772559,2617966
91783256783249,2660927
91783304909422,2743194
91783352957043,2788247
91783401372637,2731941
91783451415575,2701164
91783498944727,2605443
91783549035709,2678734
91783628889186,2669537
91783678898044,2684028
91783729078922,2679541
91783778916507,2659995
91783826940657,2685216
91783876999953,2723013
91783925109070,2687279
91783971185854,2641835
91784021270799,2730499
91784073370536,2765921
91784121358369,2677110
91784171085077,2644151
91784225618645,7279835
91784270756663,2666218
91784318734338,2641457
91784367143466,2732395
91784417474482,2806566
91784466854415,2640083
91784517140979,2689210
91784566800784,2675733
91784615099294,2676786
91784662774594,2608939
91784710992659,2657004
91784762892489,2704177
91784810844940,2610597
91784863156796,2657545
91784910961721,2699951
91784960251056,2767183
91785010726435,2635524
91785058037426,2659785
91785107498154,2717233
91785154952165,2618678
91785202979280,2680006
91785250999288,2661072
91785300862498,2668494
91785351309146,2674450
91785404912613,2662508
91785453122185,2657332
91785501182598,2626039
91785554996141,2691697
91785668973008,2724368
91785746895552,2663162
91785818970105,2663290
91785892729794,2715765
91785966901121,2641887
91786047593474,2752930
91786119712928,2637545
91786196944903,2696629
91786275164638,2608764
91786352972429,2653482
91786434908168,2644226
91786506899499,2759418
91786582831472,2638635
91786658678029,2648202
91786734923216,2672549
91786815084327,2651969
91786897557917,2669988
91786978053031,2656012
91787059356901,2692947
91787140899556,2714884
91787222820682,2657657
91787308499510,2726372
91787388837592,2811774
91787468793996,2643882
91787546787813,2635809
91787634979267,2711127
91787684802854,2741603
91787730729603,2647080
91787776709273,2685217
91787835240806,2754751
91787884972031,2742580
91787934933253,2718585
91787981062086,2637058
91788034787598,2709867
91788088978453,2690357
91788136819046,2640512
91788186934593,2667501
91788236868031,2679786
91788285327105,2738387
91788330954573,2602223
91788378827652,2608409
