14721940267745,2711248
14721969807945,2464876
14721994082178,2292748
14722018274884,2467196
14722042185626,2312054
14722064228921,2533419
14722086724421,2325882
14722108724047,2452588
14722132647251,2571828
14722156978799,2433686
14722178532962,2433324
14722201076303,2297065
14722224607931,2359615
14722249096668,2283412
14722273691592,2411646
14722294806295,2487319
14722316933457,2499436
14722337977993,2243942
14722360756835,2460075
14722382727707,2657381
14722404255415,2266596
14722426571110,2386177
14722448192357,2481713
14722475108026,2591873
14722499612969,2388132
14722522348380,2521851
14722544294261,2365718
14722568206181,2585120
14722590354053,2249000
14722612746198,2255759
14722637131947,2296399
14722659133089,2360108
14722682773436,2371002
14722704324343,2223136
14722726634100,2523033
14722748551855,2364507
14722770256881,2270152
14722794471261,2338109
14722818296773,2394886
14722841263651,2558524
14722862330093,2498654
14722885080321,2477854
14722907633301,2729888
14722932728440,2617144
14722957277569,2441582
14722978078888,2340064
14723001419076,2319032
14723024194935,2451580
14723051621515,2704789
14723078502384,2708305
14723102861303,2335994
14723124417452,2534408
14723148606877,2270487
14723174246459,2397063
14723199954413,2417295
14723224024426,2244515
14723250217109,2273323
14723272585221,2245442
14723296289881,2406353
14723319585755,2229750
14723343156630,2483921
14723364319267,2330221
14723386580403,2400590
14723410115529,2557083
14723434904286,2532491
14723460100246,2385775
14723487448502,2358252
14723508969691,2577605
14723536254799,2606911
14723558520665,2506699
14723583038209,2784337
14723607758229,2646296
14723632954303,2683030
14723657134179,2491291
14723681212645,2666132
14723705820767,2493578
14723729210253,2783303
14723753916072,2500320
14723779032668,2535353
14723806315647,2580384
14723831234896,2683140
14723853611905,2601419
14723875806634,2551803
14723898387118,2618075
14723954256304,2663990
14723978414254,2656136
14724000795823,2615600
14724022054627,2412203
14724044586651,2656633
14724067072938,2605893
14724090679728,2378971
14724115570148,2329543
14724138883698,2281670
14724161212845,2259377
14724182581040,2369794
14724203954522,2300551
14724225910446,2417628
14724249029509,2483684
14724270160703,2472183
14724292207657,2390105
14724314484664,2222844
14724336134357,2426000
14724357915632,2341465
14724382414228,2533194
14724404662548,2531845
14724426009766,2228064
14724448244777,2458180
14724471704982,2290876
14724494547597,2256138
14724515950444,2280605
14724538151469,2526521
14724560592649,2245284
14724582367925,2383986
14724604332118,2213620
14724626515037,2454001
14724650326014,2221818
14724674802501,2435504
14724698406192,2266505
14724722766454,2338414
14724747084600,2508468
14724768183950,2463240
14724790472011,2258651
14724812647743,2426327
14724836804963,2559166
14724858336972,2459815
14724882386898,2491941
14724904748124,2587066
14724926175470,2574153
14724948198416,2411886
14724973667552,2301784
14724997976479,2233653
14725020116153,2366297
14725042146595,2342179
14725066377202,2317064
14725088040748,2289870
14725110286014,2655337
14725132203866,2292365
14725159569639,2221854
14725182236354,2481315
14725204062198,2354977
14725228105101,2321217
14725250334626,2243345
14725272340226,2505369
14725293896878,2393129
14725314777737,2447510
14725338077571,2509931
14725360485280,2549021
14725382199969,2399801
14725406794919,2330655
14725428320000,2568097
14725450604514,2514818
14725472439995,2267135
14725494182117,2297042
14725518433300,2576495
14725540086713,2322681
14725562140541,2382549
14725587363265,2400474
14725608495991,2623924
14725632776252,2405920
14725654323369,2279167
14725676287386,2435812
14725698161304,2392540
14725720253982,2272163
14725742305452,2308717
14725766420912,2499569
14725787929514,2360533
14725812228511,2386206
14725836919952,2314687
14725858512400,2306632
14725882243568,2370055
14725904262920,2429539
14725954845127,2427264
14725980278721,2456948
14726004828866,2416154
14726026094317,2276308
14726051190965,2460023
14726074279580,2527502
14726098118105,2415531
14726120391204,2320011
14726146414400,2485908
14726168543120,2462829
14726192110833,2381379
14726215409085,2257253
14726238321932,2313229
14726260391051,2509827
14726284563719,2385110
14726306350657,2340197
14726327837034,2226893
14726350925871,2373896
14726374939163,2443686
14726398545592,2433889
14726419882216,2281205
14726442231826,2447249
14726466275491,2436311
14726490918305,2398557
14726512534753,2661937
14726534083276,2492066
14726556039216,2424879
14726578542543,2490717
14726600244766,2213169
14726623941883,2341081
14726650784653,2412147
14726675839343,2204409
14726698124587,2229537
14726720033022,2213257
14726742749593,2373288
14726765984888,2489312
14726787916600,2344454
14726810416938,2300348
14726834415661,2275871
14726856044773,2303676
14726878157640,2290034
14726902538578,2378117
14726924165539,2458383
14726946102205,2396614
14726967719857,2212264
14726993823749,2235154
14727018296452,2447404
14727041358637,2265172
14727064312316,2376239
14727090173448,2333418
14727113889315,2373592
14727136208900,2289438
14727158071567,2348913
14727183486232,2324541
14727206162660,2507491
14727227869496,2416043
14727250260721,2292882
14727271912659,2283232
14727293813677,2270484
14727316047865,2345409
14727339373184,2552568
14727362209885,2384697
14727385209539,2510646
14727407475529,2362163
14727432680383,2538946
14727454205076,2435362
14727478430387,2519744
14727500393855,2289963
14727524482251,2428668
14727546187977,2508627
14727567922153,2215960
14727592313083,2345817
14727617273033,2310217
14727638258415,2299547
14727660152118,2305455
14727684117033,2475507
14727706399844,2331326
14727730497064,2372944
14727754043765,2275081
14727776257049,2399405
14727800378279,2308328
14727821876047,2270344
14727844065082,2477515
14727866194626,2563537
14727887899631,2443387
14727910793665,2330952
14727960033953,2279492
14727983908576,2316774
14728006137592,2288879
14728028120172,2422047
14728050515973,2524183
14728072368967,2555823
14728098319422,2632187
14728121137187,2232001
14728144950126,2423343
14728165960040,2369092
14728188006443,2212210
14728210976917,2494037
14728232151129,2371205
14728256349717,2315699
14728279953645,2480635
14728300833972,2240170
14728322742249,2462926
14728344812741,2440113
14728366561944,2432605
14728387998915,2361212
14728415918897,2650629
14728438154725,2344319
14728460705173,2268568
14728482399194,2410529
14728505440262,2407983
14728528984466,2331553
14728551610606,2601603
14728575407010,2439516
14728598692923,2528877
14728620107724,2393498
14728642245270,2413799
14728666323161,2623266
14728688236201,2519495
14728710646255,2678395
14728732508333,2575319
14728754407284,2408172
14728777730887,2488250
14728800479010,2397419
14728824410142,2309515
14728848250812,2525273
14728870326007,2367185
14728892379668,2644301
14728916546758,2354880
14728938069700,2455511
14728960370633,2526446
14728984533282,2351569
14729005986346,2247288
14729028064931,2464584
14729050635711,2561936
14729071974920,2318503
14729094966943,2703735
14729117691067,2271718
14729140733755,2387222
14729167892493,2218038
14729189882765,2270503
14729211885350,2279101
14729242553509,2614396
14729265473546,2438179
14729288147751,2329191
14729312750906,2325739
14729336602420,2387096
14729361061969,2464970
14729386820797,2345725
14729410993593,2502875
14729433118101,2391987
14729454273855,2463521
14729475881679,2206538
14729498311138,2354517
14729522075647,2420572
14729543972456,2434363
14729566320813,2248111
14729588303485,2339358
14729610864992,2351426
14729634487668,2444493
14729655919180,2375271
14729685124105,2275279
14729707187557,2468510
14729728017649,2278680
14729750571884,2399178
14729772000023,2496640
14729794218595,2545841
14729816701821,2502575
14729837976932,2264430
14729860024994,2332766
14729882320504,2625106
14729906261982,2394551
14729928341809,2527627
14729976458952,2553060
14729998971380,2522811
14730020230531,2411376
14730045954458,2405807
14730070561517,2426614
14730092190375,2425152
14730114233158,2325297
14730138751443,2326211
14730160517035,2425440
14730186330110,2227468
14730210148838,2270061
14730232386396,2560242
14730254150995,2376477
14730276501382,2428394
14730298280996,2428900
14730325626085,2380469
14730348423386,2508155
14730372451368,2335465
14730394444526,2430557
14730416530447,2564935
14730438801710,2479213
14730460495908,2364412
14730485941533,2586711
14730508643342,2307993
14730530391597,2373797
14730552603251,2555710
14730574668645,2320821
14730596351472,2528078
14730618728040,2280703
14730641023538,2566532
14730664436149,2355272
14730688882927,2382304
14730710909711,2541152
14730736508524,2425331
14730759961933,2351788
14730782756608,2518548
14730804337992,2378347
14730826532617,2448589
14730851226800,2548598
14730872596733,2539318
14730894537605,2519314
14730920341875,2270153
14730944194394,2382490
14730966898571,2407866
14730989571296,2396772
14731012545689,2593646
14731034245738,2294087
14731058817667,2357034
14731080257890,2328843
14731103938542,2255820
14731126584031,2299571
14731150622488,2542463
14731173032099,2460836
14731196586194,2405071
14731219052246,2393760
14731240397645,2460543
14731268210767,2319115
14731290694281,2382087
14731314598597,2465405
14731338501396,2399294
14731360109864,2301280
14731386444367,2565438
14731411587394,2352557
14731435098478,2551145
14731458328338,2702685
14731482103015,2450496
14731504281560,2354838
14731529024764,2505712
14731553842290,2346418
14731577201608,2511321
14731598741248,2456149
14731622364389,2390840
14731644161210,2298600
14731668203369,2325267
14731691075772,2543277
14731716188183,2232673
14731738270787,2492972
14731760348512,2446896
14731789330859,6450951
14731811549066,2379552
14731835018409,2615129
14731858426591,2475039
14731882756465,2531987
14731904094152,2338919
14731927222244,2512319
14731978755162,2586629
14732002514869,2400799
14732024847093,2365392
14732046127308,2469220
14732068660402,2354744
14732094385339,2448383
14732116780051,2492623
14732140656815,2259990
14732164541085,2483256
14732186189233,2296588
14732211657744,2468773
14732234854854,2532272
14732256169159,2474166
14732280101281,2402257
14732302753968,2376167
14732324254446,2392989
14732350528533,2473426
14732372641613,2547199
14732394162781,2494130
14732418168040,2315970
14732442914077,2570019
14732464443718,2518359
14732486331113,2442667
14732509451171,2454555
14732530726047,2465962
14732552627202,2400230
14732575000872,2514781
14732598327134,2443317
14732621717548,2450065
14732644594448,2237463
14732670183894,2467193
14732693776107,2339097
14732718295437,2482102
14732740334704,2307022
14732762746821,2474870
14732786216636,2342938
14732809710222,2323694
14732837463342,2321573
14732860791992,2334347
14732886015883,2230254
14732908635203,2428456
14732930758424,2546440
14732958256245,2462793
14732980398597,2374356
14733005128408,2385081
14733029922067,2363032
14733055716740,2407144
14733077242285,2432131
14733098109212,2358999
14733120556203,2319592
14733143779913,2320210
14733168665201,2279368
14733190338413,2381393
14733216892065,2463053
14733240768079,2328990
14733265059990,2323938
14733290010259,2383038
14733320842909,2376307
14733345531829,2470718
14733370918656,2428835
14733395548700,2319649
14733418682952,2598497
14733440241743,2233628
14733464832613,2344385
14733490209687,2274126
14733514927273,2308105
14733540563508,2485744
14733566257548,2464890
14733591881189,2468811
14733617148582,2313968
14733642459501,2555121
14733669189674,2425686
14733694030067,2472782
14733716130655,2281039
14733743213929,2435005
14733767529515,2588526
14733791241339,2540615
14733816948011,2348603
14733838267340,2419704
14733861090342,2389326
14733885626330,2429946
14733909947744,2546200
14733935659618,2263381
14733986315690,2505475
14734010093610,2402844
14734037306827,2370107
14734061422733,2301037
14734084458648,2401887
14734106806096,2386605
14734129369201,2257755
14734154155914,2342803
14734175873896,2282643
14734198327863,2307575
14734220941643,2323167
14734244343029,2475099
14734266837207,2364277
14734288858254,2489018
14734318202362,2540914
14734340700047,2222694
14734362875336,2640334
14734386483854,2327252
14734411003228,2557268
14734436310282,2342695
14734462696306,2407693
14734483906950,2200352
14734507043623,2458191
14734528352363,2391239
14734554615480,2573069
14734579445643,2358403
14734600181837,2261096
14734622226544,2264059
14734643976015,2329326
14734668882605,2476385
14734690389004,2323093
14734714653629,2488729
14734738583578,2403294
14734760187601,2421310
14734782300033,2459103
14734804494844,2546572
14734832276014,2357550
14734859675229,2411526
14734884075130,2478171
14734909783451,2271677
14734935068119,2326166
14734958855122,2409051
14734981086404,2270550
14735002300938,2402936
14735026341597,2389852
14735049581918,2447867
14735073411035,2536753
14735096637547,2467980
14735120301740,2305262
14735144763914,2247824
14735170566130,2511480
14735192314298,2339819
14735214515198,2229991
14735236654735,2363811
14735258269938,2402922
14735280494357,2246316
14735302832817,2526733
14735324967790,2313603
14735350015445,2497052
14735374537599,2420878
14735401663783,2397554
14735426749205,2325640
14735452283916,2355961
14735475595635,2337940
14735502258161,2249268
14735527442754,2307057
14735552243752,2361337
14735574120676,2348376
14735599341810,2429034
14735620795245,2375111
14735642218086,2304038
14735664727729,2313729
14735686108106,2483742
14735708174874,2328211
14735732649887,2270273
14735758480207,2310847
14735781033655,2412015
14735805976111,2331832
14735829393002,2501902
14735853344276,2353763
14735876696532,2274915
14735907083154,2422719
14735928696549,2533716
14735953117129,2422183
14736004640817,2298540
14736035426237,2473525
14736056466656,2433429
14736079246067,2483029
14736104910437,2359010
14736126580249,2394154
14736148995031,2236151
14736170859077,2317853
14736194299218,2567152
14736217688969,2400224
14736240283553,2532852
14736262392381,2451058
14736286402362,2329849
14736308642996,2266715
14736330212840,2240471
14736354357802,2558090
14736379076155,2293183
14736402295683,2584588
14736424429571,2337280
14736446352513,2455085
14736470044394,2321394
14736492612188,2541840
14736514666024,2475656
14736545128946,2523223
14736566740250,2346538
14736595014489,2497222
14736618575577,2295854
14736643008160,2553609
14736664640206,2298726
14736686852144,2308941
14736708457646,2371901
14736732931478,2543467
14736756465864,2332760
14736778312414,2266181
14736802770453,2387621
14736824491838,2266954
14736847177828,2374239
14736870674729,2437935
14736892542065,2291614
14736914661451,2387435
14736937839100,2333878
14736960842400,2386109
14736983195767,2292946
14737004768381,2317124
14737026456333,2314257
14737049369486,2378033
14737071202369,2446924
14737092312424,2471726
14737115010321,2513854
14737136244357,2374469
14737159783318,2310838
14737182446323,2335824
14737205009941,2226303
14737226362788,2250740
14737248549951,2352787
14737271603035,2430938
14737295050536,2362084
14737319853739,2421111
14737347152809,2478356
14737371231758,2494265
14737392423216,2338214
14737416494125,2445818
14737442326476,2598103
14737465678940,2329669
14737493077687,2324468
14737514345592,2345850
14737539534887,2434256
14737562923058,2301823
14737587075630,2393875
14737611332075,2306579
14737632040243,2260195
14737656754052,2436663
14737678826818,2358701
14737707475723,2321583
14737730269482,2492972
14737752906233,2466121
14737774860195,2307350
14737797147630,2570952
14737823059977,2356767
14737848177381,2351012
14737871672331,2566610
14737895138086,2488521
14737918926316,2213593
14737940828376,2496578
14737962274161,2536756
14738017765706,2422667
14738043018854,2464490
14738067318364,2505741
14738088164295,2288251
14738115120333,2454553
14738138185726,2385660
14738161186792,2330834
14738186071302,2502332
14738209557549,2233665
14738233556155,2486014
14738254299221,2384468
14738276605785,2392572
14738298469705,2298105
14738320587979,2236181
14738342738007,2398279
14738364125477,2439062
14738385457806,2544925
14738408676253,2336692
14738431048022,2495514
14738455133744,2528517
14738478549919,2350280
14738505009892,2294565
14738526386859,2468976
14738548472205,2264116
14738570840796,2310598
14738594510383,2368822
14738618652902,2261905
14738642714223,2350720
14738664541617,2720567
14738686323392,2406378
14738708405122,2479863
14738730210846,2449483
14738752467767,2353513
14738780455423,2335385
14738802983887,2426113
14738832754249,2249631
14738857053479,2629084
14738880449706,2465793
14738902863960,2298051
14738927671515,2566607
14738954145774,2479114
14738979604248,2533897
14739004405797,2386431
14739027587223,2382086
14739053106853,2537070
14739080553009,2662580
14739106855435,2412479
14739128561804,2466023
14739153283971,2425982
14739181052021,2530360
14739205125936,2440638
14739227027478,2308484
14739253006990,2609607
14739276903952,2416493
14739302950481,2429156
14739324862940,2270753
14739355467467,2466971
14739381085330,2341277
14739402686057,2360167
14739426397363,2247019
14739448553541,2445241
14739477027317,2575293
14739500908603,2262573
14739525663918,2428202
14739550911131,2268608
14739577573683,2525644
14739601024458,2456189
14739624709554,2498298
14739647154163,2520075
14739668113633,2293654
14739699419836,2453723
14739725258873,2360990
14739748937663,2334276
14739776077806,2514203
14739798975839,2386446
14739820729739,2227755
14739844213340,2499521
14739866243692,2321677
14739888972447,2363294
14739919551956,2330598
14739945995105,2411895
14739968157706,2293334
14740019466684,2594342
14740043148706,2555577
14740066635515,2609645
14740089016352,2349167
14740113290684,2580050
14740134387477,2307546
14740161246666,2372995
14740184467957,2388474
14740215053564,2519341
14740238317931,2346748
14740260367060,2342263
14740282917709,2393132
14740304123187,2311985
14740326744393,2489765
14740348484170,2312453
14740373666767,2537348
14740397879544,2447597
14740421367193,2532814
14740442724039,2419328
14740464631142,2312415
14740487342703,2373097
14740511754553,2367950
14740534964101,2518432
14740558774540,2351595
14740581025201,2524523
14740604297262,2249082
14740626442576,2333195
14740648659988,2647800
14740670585917,2562026
14740706207099,2378272
14740730045328,2387154
14740753651420,2478547
14740777309963,2552877
14740801128258,2644183
14740824542093,2348422
14740846730321,2428219
14740873968762,2662930
14740897061478,2364470
14740922937418,2495296
14740944240069,2446838
14740966627721,2294626
14740990166187,2303361
14741015671528,2386120
14741042106662,2375696
14741066283380,2442070
14741092739756,2315170
14741118204466,2509678
14741143259945,2361752
14741167742382,2541309
14741191387690,2580057
14741215263278,2658530
14741237149089,2541358
14741258841179,2352890
14741282974075,2549506
14741305113060,2310052
14741326924440,2460446
14741350814319,2495061
14741373078819,2536220
14741396170523,2411154
14741418264952,2451336
14741444940633,2430536
14741466894285,2391133
14741489090390,2356458
14741513550531,2383544
14741538408723,2503508
14741561236800,2333660
14741585421278,2461096
14741609120425,2639946
14741632126329,2397205
14741654411351,2413654
14741676566337,2292433
14741698248178,2506857
14741720273280,2272303
14741746170768,2276326
14741768601529,2409466
14741795344434,3020129
14741816787418,2525520
14741840529431,2703383
14741863399114,2613461
14741887136749,2424911
14741908789485,2415153
14741930341314,2579711
14741954200601,2425102
14741976457196,2404864
14742028328085,2497974
14742051913504,2350696
14742077179387,2585362
14742100142333,2493398
14742122875465,2552693
14742146917329,2523801
14742168123724,2581851
14742195658340,6887369
14742220371780,2469264
14742246670839,2324172
14742271837327,2446364
14742297868719,2352662
14742321157506,2420879
14742344204881,2346686
14742373708292,2485030
14742397505233,2394900
14742422843903,2447814
14742450805430,2626766
14742472131474,2392542
14742494511535,2531110
14742516228596,2513995
14742538073282,2427486
14742559961325,2343891
14742582293117,2482923
14742604898713,2240263
14742628652704,2449892
14742650860999,2542734
14742676295174,2401045
14742698049618,2395493
14742720851565,2323322
14742744919981,2495785
14742767101124,2250975
14742788892008,2504263
14742811006724,2410917
14742832264162,2489634
14742855076976,2345734
14742880313274,2266011
14742902058793,2362694
14742927069577,2599079
14742950504974,2554481
14742975681188,2345572
14743000823492,2521001
14743022792337,2433833
14743044852399,2404739
14743066567611,2476347
14743088858593,2295940
14743110796390,2345274
14743132298785,2395684
14743154385391,2503724
14743177327648,2416486
14743200275172,2334314
14743222919469,2426281
14743244633220,2370886
14743267017714,2352807
14743290843370,2353153
14743311662592,2388155
14743332469834,2434155
14743352647008,2408403
14743376391335,2529911
14743400798133,2416239
14743422981497,2545155
14743444114967,2518677
14743469995290,2304595
14743494540371,2506791
14743516727854,2458941
14743541266220,2529118
14743564681657,2396476
14743586512243,2487379
14743608503615,2476362
14743635599098,2648242
14743658804451,2478510
14743683340425,2394880
14743706831709,2541241
14743730875575,2426021
14743754532285,2494126
14743776440513,2481867
14743802939496,2477360
14743826050011,2440163
14743846659379,2529612
14743868255466,2439837
14743890522231,2454951
14743915375808,2427675
14743936201940,2424629
14743960657664,2484108
14743984195148,2444844
14744032296058,2442621
14744056657006,2530417
14744079271457,2509947
14744105864302,2601547
14744131508775,2464926
14744152977088,2491103
14744178371035,2513094
14744200542531,2478598
14744220632005,2518390
14744246100251,2538755
14744270957039,2373865
14744295460102,2515451
14744316206295,2350595
14744339761497,2336880
14744361697177,2377784
14744382616332,2451015
14744404292447,2301693
14744427910308,2546769
14744452823589,2280198
14744474617993,2288021
14744496108925,2397106
14744518866593,2522596
14744540097871,2552498
14744563710635,2482076
14744585928973,2320106
14744608356428,2406300
14744629920152,2384937
14744653951173,2434817
14744678810780,2402252
14744700376271,2458998
14744722223074,2446650
14744745768650,2467333
14744768002544,2277561
14744790575241,2572918
14744812191680,2394403
14744837865140,2385032
14744862206859,2407277
14744885060590,2457837
14744906184593,2565465
14744928780215,2577097
14744950377197,2533664
14744973043313,2644052
14744994319886,2320493
14745016412795,2493385
14745039335270,2510996
14745064348089,2298716
14745086000817,2355069
14745108422314,2438294
14745128229055,2490754
14745149110584,2526414
14745178596856,2564438
14745200470177,2497634
14745225470036,2546090
14745250884261,2452609
14745273502825,2358350
14745293902206,2314254
14745316923340,2590942
14745341190489,2415823
14745365422937,2364480
14745389014992,2571644
14745411313615,2410821
14745432932862,2511056
14745454689701,2590610
14745480651926,2381851
14745503408727,2534389
14745524153278,2532124
14745547720317,2404160
14745572644221,2506833
14745594151196,2516392
14745617013668,2510359
14745642026509,2453388
14745666339667,2383314
14745688424327,2252548
14745712450495,2554097
14745736213748,2484344
14745756524676,2480401
14745779727062,2452467
14745803784438,2329566
14745827652727,2429539
14745853716483,2302356
14745878373451,2531953
14745900109787,2412736
14745923733624,2455040
14745945128944,2386218
14745966701635,2473394
14745996851937,2362050
14746045158357,2677910
14746069577959,2512691
14746095457954,2489864
14746118163374,2473996
14746140334403,2541771
14746163893113,2499305
14746186552384,2565967
14746210718293,2531465
14746232931222,2515421
14746256157984,2525869
14746278911232,2604922
14746303266121,2579089
14746326740826,2518591
14746351128670,2556566
14746375214080,2560044
14746398895679,2442544
14746423189774,2476166
14746445141677,2397425
14746468117425,2484278
14746490775937,2293019
14746518974054,2506461
14746540727833,2490325
14746564381876,2558384
14746586796095,2500886
14746610420507,2386833
14746632693381,2464031
14746661999420,2446077
14746684491949,2347538
14746706448690,2470617
14746728445777,2571896
14746750672158,2424044
14746772664137,2454161
14746796084409,2421117
14746818282098,2493430
14746842618404,2469795
14746866899942,2473819
14746888322221,2402690
14746911628812,2512773
14746940536648,2444772
14746963990877,2354084
14746988923248,2310744
14747012451612,2411624
14747034646775,2292440
14747056263986,2295536
14747080337413,2470152
14747102824096,2613178
14747128718460,2382792
14747150374228,2335257
14747175151298,2401800
14747199075000,2358940
14747220262343,2441285
14747244008746,2238736
14747266745823,2375802
14747289522240,2311388
14747313683095,2374974
14747337479821,2296238
14747362401476,2483181
14747386651185,2537767
14747411209324,2452279
14747433658186,2555107
14747457084505,2674275
14747480377681,2609716
14747504954705,2579998
14747526756413,2574888
14747551190891,2618581
14747572258220,2460597
14747598763140,2435234
14747620727411,2510116
14747644843456,2495099
14747669278873,2498005
14747694087003,2410173
14747716835764,2348856
14747741613056,2526208
14747765269504,2439431
14747789199743,2422922
14747813438863,2585637
14747838512778,2468169
14747862303441,2424185
14747884667531,2412066
14747908868073,2477505
14747931074179,2494410
14747952173300,2441499
14747978639371,2436933
14748000160426,2514305
14748048598610,2667341
14748075284258,2477874
14748098772623,2484034
14748120160866,2416065
14748144237468,2471493
14748166812827,2514703
14748188922394,2528838
14748210720818,2608858
14748232225054,2420380
14748255207052,2500326
14748276349117,2523119
14748298709698,2535631
14748320944207,2405440
14748342288009,2466918
14748364343552,2369617
14748387261820,2583372
14748408457529,2457921
14748433939306,2558282
14748456986286,2527030
14748485355016,2558012
14748506258841,2574341
14748528713044,2566436
14748553191710,2473636
14748574892021,2624623
14748597085340,2647980
14748620089229,2562573
14748642637534,2618299
14748664382018,2610270
14748686791919,2554936
14748708940620,2387771
14748735438964,2454092
14748756314444,2584803
14748779366491,2465212
14748803010222,2654350
14748825553215,2610391
14748849788570,2648431
14748873912378,2552731
14748897872247,2392078
14748921198768,2550059
14748942435064,2697521
14748964526658,2649982
14748987788509,2667644
14749010921928,2674658
14749035347841,2677216
14749056948279,2712165
14749079824319,2624945
14749103249124,2702504
14749124884840,2497212
14749149063210,2583944
14749171130801,2553808
14749192982101,2520745
14749215672941,2463246
14749238973370,2473960
14749262810494,2686829
14749285131611,2634709
14749306147442,2494398
14749330398837,2547314
14749353478644,2709390
14749374950632,2582723
14749400194925,2667261
14749422616468,2693174
14749446748980,2716484
14749470831304,2695383
14749492803370,2497805
14749515020167,2467562
14749539869567,2437580
14749562555910,2603896
14749584893655,2423881
14749606216194,2445088
14749629073523,2473344
14749650302447,2440881
14749672204311,2526734
14749696206320,2456378
14749720298512,2461986
14749743025386,2469255
14749766473094,2385950
14749788760100,2506846
14749810425299,2474826
14749834064967,2382468
14749857311851,2473955
14749881045100,2517028
14749904938583,2517548
14749926346979,2565571
14749950141004,2513103
14749972553230,2377088
14749996750972,2447893
14750018934279,2679588
14750064644840,2667503
14750090582138,2547801
14750112157602,2459461
14750137899598,2423073
14750160431957,2605928
14750185894258,2372625
14750209401401,2376402
14750232793335,2493051
14750254345774,2510875
14750276873650,2287516
14750298686690,2446071
14750322200106,2435464
14750344059924,2332727
14750367132623,2481922
14750388207994,2428449
14750410566753,2534745
14750433279823,2596986
14750458338325,2580333
14750489764577,2576102
14750513959282,2648737
14750536811623,2405457
14750558379443,2468761
14750580211743,2323291
14750602694470,2319270
14750623982577,2342130
14750646218561,2362197
14750670713434,2275600
14750692188238,2308454
14750722843435,2587526
14750744931009,2378070
14750770737321,2322378
14750792448145,2410270
14750814488976,2474309
14750836308192,2414311
14750858296096,2501135
14750880855440,2554433
14750904643776,2476608
14750926658183,2594513
14750950737051,2474896
14750974890741,2520359
14750996261485,2366387
14751018795829,2478527
14751040529673,2447811
14751065481323,2368917
14751088492504,2351274
14751110312307,2398322
14751133153917,2393168
14751156342825,2357677
14751178635211,2478205
14751200601061,2294357
14751222581267,2561369
14751244631755,2460873
14751267449996,2434372
14751292073893,2562617
14751314286074,2365551
14751338594130,2353206
14751360926380,2459181
14751385197363,2401638
14751411262730,2450479
14751432602834,2542071
14751454921244,2452667
14751478095623,2458319
14751501569255,2315485
14751524192788,2515107
14751544211503,2443423
14751569631121,2478012
14751597370733,2451002
14751618333277,2420841
14751641034332,2508457
14751662339389,2529785
14751684040942,2407113
14751708604693,2552070
14751730732764,2610095
14751754873605,2429865
14751776323198,2415159
14751798493468,2358943
14751823338995,2557865
14751844814979,2607531
14751867381237,2503293
14751888743972,2592518
14751912460053,2483233
14751935109130,2437654
14751958790816,2301002
14751981857828,2309644
14752005015258,2436499
14752026152283,2462353
14752077095538,2646535
14752101041267,2490430
14752123964848,2453765
14752148269673,2203821
14752170811762,2432010
14752194808140,2555978
14752221328581,7474913
14752244453642,2466301
14752266204634,2494297
14752289967046,2595888
14752312011320,2482110
14752335500919,2226624
14752359279208,2326850
14752396445964,2546053
14752420979287,2624277
14752446897767,2522753
14752468939601,2406754
14752490915265,2228862
14752513786010,2490211
14752539821551,2534175
14752562827399,2546825
14752587108207,2501536
14752609111137,2380894
14752630307603,2278823
14752655406748,2352969
14752676407010,2461498
14752700747143,2437060
14752726691287,2410103
14752749048803,2231424
14752776144441,2455681
14752799356865,2431592
14752822471990,2595745
14752844780090,2231694
14752868718672,2448881
14752891091986,2387789
14752914039888,2328402
14752940050876,2318106
14752963025001,2512979
14752986157175,2458003
14753010257541,2436971
14753032474949,2442012
14753058430679,2507889
14753083946471,2557301
14753106107168,2424796
14753131719676,2456429
14753151932113,2339448
14753175240106,2309274
14753199239719,2336783
14753223521151,2491688
14753250730965,2249146
14753275959225,2398921
14753297952845,2487351
14753325048983,2651541
14753350990206,2417911
14753374089731,2369438
14753397377996,2271857
14753423472387,2399352
14753446747648,2349826
14753474126581,2346758
14753495974808,2472349
14753521687911,2339641
14753544821848,2304529
14753568926263,2265794
14753593161593,2329311
14753616545710,2241780
14753639981018,2364072
14753663863184,2366404
14753688802610,2344664
14753713980468,2508236
14753742823575,2360297
14753764878530,2395022
14753790237493,2348798
14753812244796,2542352
14753834755688,2321920
14753858986652,2615969
14753882722888,2386710
14753905898101,2399659
14753928493024,2598284
14753953875301,2279899
14753977324413,2698705
14753998457960,2403788
14754020573434,2355485
14754043053280,2372662
14754093085389,2381500
14754117084320,2615019
14754139576333,2237539
14754162201686,2368723
14754184605280,2310294
14754206993698,2458920
14754228938416,2452510
14754250278420,2303475
14754272483279,2343276
14754294567543,2409234
14754318626496,2525285
14754340487770,2562955
14754370295587,2347652
14754393894300,2555214
14754419045493,2642728
14754442890156,2390832
14754464949141,2484634
14754486258045,2487698
14754509198766,2604485
14754532232147,2546001
14754555185574,2462218
14754577053316,2490367
14754600683943,2357140
14754622289269,2391693
14754644179632,2396704
14754667384268,2492163
14754688475750,2423694
14754710284263,2284968
14754734290576,2248879
14754757172695,2267882
14754781014548,2357219
14754802806689,2348771
14754824788480,2394687
14754848680198,2480719
14754871281579,2329498
14754896700910,2364643
14754918417140,2433319
14754940102402,2366065
14754962319566,2345129
14754986118396,2359641
14755011643188,2372899
14755034562057,2390076
14755056001499,2400484
14755078277291,2592710
14755101315248,2424148
14755124400153,2470836
14755146228479,2434047
14755168738291,2351217
14755191090822,2291458
14755214763454,2273168
14755236373584,2332298
14755257971828,2363382
14755280943273,2517409
14755302761007,2564713
14755324909978,2529143
14755346092413,2424650
14755370157866,2643797
14755392173342,2333577
14755414820819,2345475
14755440401143,2627796
14755464284353,2365686
14755485974587,2264907
14755507575458,2314269
14755534719416,2398876
14755557138370,2372023
14755578474419,2384875
14755600289062,2315954
14755622769605,2541791
14755644968201,2451034
14755666562885,2499375
14755688528699,2340537
14755710532188,2245303
14755734087119,2285876
14755756217252,2444417
14755778815230,2413668
14755802790487,2462397
14755824135578,2400261
14755846282933,2415650
14755871220417,2232925
14755891993319,2239275
14755917689793,2396011
14755940910861,2360584
14755962129964,2342139
14755985445239,2465111
14756008198268,2364616
14756034040261,2517032
14756054603478,2560766
14756102702014,2477020
14756125869359,2477901
14756150314677,2513468
14756172261410,2377401
14756194218753,2322058
14756218276482,2296444
14756240271177,2277653
14756262940233,2490356
14756284424357,2517991
14756305746598,2273976
14756329449137,2279092
14756353718852,2236778
14756376171675,2408335
14756400988451,2552634
14756422412444,2468139
14756445767420,2534499
14756468071109,2433134
14756490661423,2471630
14756514467983,2604471
14756536400766,2453919
14756557901214,2460393
14756580289795,2466651
14756602619571,2513328
14756624348620,2445322
14756646394702,2469130
14756668467434,2577128
14756690830731,2487384
14756714981964,2580294
14756736240473,2501648
14756758314087,2469730
14756780364582,2449000
14756802349350,2488722
14756823945442,2436763
14756847419050,2624475
14756870813634,2628693
14756893784217,2457144
14756917143460,2447566
14756940108723,2449221
14756962251693,2512802
14756984279566,2448994
14757005939292,2462749
14757028915110,2629578
14757053851512,2521860
14757074213327,2594163
14757103913466,2630244
14757126034912,2502526
14757150684234,2656540
14757172253474,2480740
14757194711286,2498069
14757219975924,2653961
14757242805083,2482339
14757264430862,2549316
14757291578915,2647327
14757315558733,2458528
14757340768145,2480553
14757363655515,2497538
14757387167063,2499295
14757410094724,2511578
14757433989448,2597284
14757456156098,2376199
14757480079502,2492469
14757503434087,2338847
14757529066535,2599548
14757550277727,2367055
14757572730346,2565250
14757605738783,2538824
14757629107565,2591487
14757650205773,2538114
14757674402885,2603582
14757696489234,2606970
14757718156885,2375937
14757740644912,2630689
14757762662040,2645947
14757784137533,2537213
14757808120649,2594172
14757829981070,2425921
14757854169982,2549460
14757876140797,2561856
14757900273777,2607786
14757922607460,2607334
14757944712242,2648389
14757967670982,2588232
14757990630887,2723092
14758014161201,2597616
14758037393850,2721347
14758060107815,2413774
14758108757492,2613791
14758132885203,2618930
14758157096630,2664721
14758179019755,2603263
14758202468864,2708089
14758224495015,2444576
14758248579685,2581940
14758270263642,2492168
14758293455924,2582853
14758316857414,2536195
14758338679555,2466139
14758360338608,2554517
14758384612797,2534468
14758407299747,2421513
14758428151901,2412099
14758451180772,2652400
14758473718338,2500138
14758494270630,2437045
14758518359233,2646658
14758541247310,2538144
14758562574777,2537289
14758590600522,2551677
14758616356503,2609755
14758639062334,2596101
14758662584228,2588103
14758684368132,2407394
14758707379855,2365510
14758733581941,2533500
14758756279474,2440532
14758780352970,2303016
14758802205997,2362121
14758824001482,2274614
14758846252192,2393654
14758871342815,2491056
14758897062881,2476689
14758918753799,2252812
14758941487958,2346452
14758962465776,2663971
14758985201187,2303081
14759007088720,2467328
14759029014974,2447259
14759051354972,2577816
14759076657894,2485279
14759098132607,2440226
14759122783923,2447951
14759147193210,2394094
14759168456138,2368243
14759190182139,2480721
14759212887102,2490554
14759234313150,2482693
14759256873760,2616086
14759280665390,2623984
14759303064794,2519461
14759326999021,2277156
14759349403603,2501637
14759373545740,2396408
14759394765526,2424604
14759420519156,2403340
14759446385187,2576411
14759470665454,2551612
14759493577707,2518281
14759518411112,2597138
14759541340437,2487797
14759566203056,2552500
14759588566198,2487735
14759610602688,2452452
14759633034608,2568688
14759655389552,2588324
14759681429053,2482054
14759704924987,2506485
14759727443078,2505916
14759749208573,2497594
14759770323504,2519598
14759793188208,2514718
14759814529676,2673902
14759844431087,2526986
14759866483801,2522751
14759890961212,2526234
14759912475347,2425218
14759934313584,2474576
14759956163012,2506095
14759979972325,2587058
14760003165383,2601454
14760027252174,2615445
14760048326587,2601462
14760070159165,2473464
14760118536692,2439369
14760142332692,2490573
14760164417076,2421042
14760188993656,2459155
14760212289238,2402511
14760234485693,2445150
14760256491535,2395714
14760278283063,2373589
14760303208888,2378649
14760324126018,2317381
14760346847536,2401262
14760369225068,2556365
14760390700963,2642136
14760414888518,2575898
14760436327069,2360649
14760458795634,2538159
14760480583705,2344268
14760503078315,2539438
14760524952919,2612015
14760546393022,2411552
14760568841536,2363257
14760591076208,2450966
14760612150219,2495003
14760634231904,2570924
14760658341875,2477911
14760681020466,2536120
14760702727278,2571731
14760724358394,2597449
14760746721119,2425580
14760768035912,2381186
14760790158053,2519319
14760814644412,2484142
14760838484278,2480716
14760861426671,2513862
14760885530017,2374005
14760914412292,2561943
14760939846920,2599285
14760963711817,2408741
14760988724647,2339910
14761011698601,2509914
14761034667305,2564888
14761056454909,2430292
14761083316395,2428143
14761104283928,2313105
14761126237818,2340964
14761148316789,2362882
14761172872218,2433545
14761201151852,2423149
14761223930822,2318582
14761246225383,2477235
14761279748101,2626280
14761302792841,2621658
14761326140465,2403551
14761348881576,2571927
14761372257497,2533880
14761395130165,2499519
14761416308927,2484424
14761438354074,2596867
14761464840147,2649853
14761488058090,2379536
14761514758182,2338308
14761539152985,2543728
14761563560866,2403916
14761588829513,2318467
14761610900046,2436127
14761632825241,2422498
14761654688907,2382425
14761676659102,2207009
14761700475825,2425033
14761722660292,2798460
14761744238839,2234529
14761766181919,2374458
14761788420974,2192438
14761811022732,2298989
14761835116275,2409908
14761856347788,2500378
14761878292115,2565531
14761902530528,2439463
14761924068562,2341775
14761954621580,2580312
14761976663177,2392847
14761998592289,2619002
14762022550491,2487241
14762044491605,2456311
14762066455897,2318625
14762095504238,7842642
14762145100085,2418759
14762175814854,2399563
14762198270441,2537783
14762220584148,2376385
14762244062081,2193750
14762267810339,2253817
14762294603338,2494932
14762316287806,2375671
14762340140361,2478016
14762362129716,2362085
14762384013395,2209035
14762406735000,2493034
14762430205415,2541828
14762452395104,2552320
14762476026290,2466794
14762501949298,2505957
14762525829760,2245758
14762550318280,2582303
14762572898122,2333735
14762594013238,2356131
14762617540975,2449269
14762643200802,2363599
14762666278155,2243725
14762690142268,2405780
14762712017785,2552377
14762736104054,2505496
14762758109449,2342326
14762781714398,2399877
14762803713075,2267410
14762826003900,2427034
14762848116831,2345839
14762872547976,2331610
14762898192482,2648172
14762920257526,2506983
14762943105209,2472768
14762964138716,2361162
14762986231641,2466930
14763007987612,2326692
14763032096940,2409009
14763054207903,2428332
14763079381092,2522583
14763104739974,2603337
14763126057141,2407444
14763148205715,2335914
14763172823203,2287273
14763194480407,2317589
14763216227956,2531166
14763238172018,2411611
14763260568808,2290540
14763284127586,2424702
14763308569075,2425472
14763333439456,2517140
14763355971253,2589006
14763380180626,2219651
14763406116869,2293464
14763430652358,2631450
14763456298267,2551203
14763478944571,2532995
14763502952006,2533646
14763526384702,2721214
14763553558025,2534396
14763577499706,2456730
14763599969028,2335494
14763625103732,2222552
14763652874504,2456739
14763675447643,2648843
14763699042589,2592228
14763722764373,2710414
14763746355022,2536818
14763768726449,2254264
14763794535549,2337397
14763818690316,2395448
14763843886772,2361282
14763866346393,2361590
14763890835469,2412789
14763916126018,2426896
14763938256146,2276399
14763960097514,2495305
14763982248969,2334554
14764010176874,2278811
14764033928279,2571946
14764056749753,2372013
14764078840459,2478829
14764100104383,2320124
14764150534559,2366726
14764173993176,2322280
14764198597006,2659859
14764221029047,2460208
14764242692394,2366900
14764267807555,2270443
14764290326284,2319420
14764312783364,2414143
14764335947569,2225206
14764357852502,2333955
14764380037888,2284119
14764405988996,2485380
14764429016633,2438441
14764450751496,2489094
14764474596290,2282982
14764496699055,2484735
14764518970767,2701201
14764541135861,2356964
14764564400401,2835738
14764586008644,2236247
14764608823061,2387949
14764630403749,2318737
14764652365557,2368090
14764674877439,2564241
14764696225526,2378544
14764718016668,2429491
14764742183099,2477543
14764764027416,2534311
14764788901091,2421352
14764810729186,2621542
14764834625216,2301500
14764856082892,2275508
14764881993144,2423826
14764907073333,2387314
14764928264807,2641790
14764951313380,2511640
14764974413642,2285857
14764996091556,2486277
14765019048434,2526626
14765040058864,2284895
14765062211188,2585395
14765083894771,2362880
14765113823334,2396463
14765134250673,2476635
14765158068893,2424595
14765180610008,2314907
14765202806267,2419356
14765224740058,2321091
14765246108952,2407470
14765268195207,2500864
14765293732356,2558222
14765314290808,2464259
14765336784073,2322209
14765359847354,2335906
14765382350854,2226838
14765404181861,2527426
14765428114116,2420943
14765452311466,2537943
14765475076456,2598269
14765496217385,2250745
14765517988952,2386456
14765541991968,2275624
14765565855549,2311077
14765590382484,2558630
14765614153313,2461148
14765634297075,2392202
14765658100753,2337242
14765680213635,2349859
14765702050768,2452966
14765726417608,2342565
14765748378982,2374617
14765770732596,2460080
14765794732299,2335016
14765816681577,2467007
14765839056487,2232152
14765859921305,2235513
14765882493577,2506453
14765905481351,2450821
14765928103241,2543882
14765952981538,2361873
14765974534453,2490225
14765996787563,2547562
14766018974296,2435856
14766042652310,2385679
14766064199953,2414358
14766086030207,2346073
14766108391007,2491919
14766160243562,2232953
14766184176267,2400190
14766205981697,2349000
14766228118916,2392487
14766250009719,2373708
14766272468930,2393368
14766293988957,2402687
14766322598580,2374509
14766344636511,2416819
14766366642760,2373872
14766390105603,2378025
14766412049845,2377367
14766433847361,2258750
14766459769986,2501564
14766486290436,2523605
14766511658087,2307375
14766534023895,2451965
14766558573729,2462511
14766580764987,2261724
14766604902302,2366567
14766625948678,2501670
14766648362211,2286319
14766670802467,2426512
14766692059372,2507711
14766714008966,2394533
14766738135114,2483741
14766768815469,2321531
14766790849635,2501346
14766812300890,2665961
14766835359870,2501865
14766858628175,2443753
14766882696869,2569092
14766906614236,2309522
14766928593637,2644798
14766951980100,2320908
14766976580751,2412509
14767001348813,2332768
14767023974062,2448500
14767048059193,2227335
14767072541446,2363623
14767098055061,2528623
14767119998444,2368368
14767141960207,2350467
14767163743029,2220303
14767186956250,2365836
14767207971556,2354612
14767232609253,2237220
14767254015261,2281252
14767278044556,2445403
14767298727357,2530181
14767322083059,2289553
14767344098610,2224001
14767367035304,2404761
14767389127905,2489675
14767410612943,2297878
14767432192904,2572237
14767453984132,2475331
14767476174848,2369935
14767500181525,2300563
14767525804399,2380960
14767551004817,2292379
14767572810480,2482152
14767594270441,2361122
14767616759744,2346200
14767638516143,2573828
14767662835594,2342959
14767684216653,2350159
14767709293428,2434401
14767732735290,2452106
14767754635620,2505340
14767778671308,2253896
14767802436956,2363972
14767823772194,2231739
14767846731592,2269948
14767866309376,2308899
14767888660409,2421939
14767912335489,2362605
14767934651062,2413745
14767957284847,2239540
14767982135050,2270502
14768006800848,2223437
14768031756189,2468443
14768059414885,2426574
14768080455334,2518370
14768101933036,2300262
14768125424878,2561782
14768178681636,2417299
14768206053436,2574316
14768228122310,2217380
14768252283407,2428204
14768274475073,2561022
14768298312946,2515725
14768323957087,2231390
14768346111611,2359442
14768368334444,2295715
14768392389036,2460030
14768417144001,2246521
14768440469546,2430684
14768463452656,2350303
14768486451803,2295857
14768512952062,2457699
14768534893585,2421553
14768559930850,2396300
14768582077562,2367648
14768604213271,2482331
14768626161878,2274533
14768652010648,2287163
14768675797639,2257757
14768698100882,2231654
14768720474320,2526249
14768742599016,2314898
14768764320330,2481800
14768786428901,2634273
14768808421325,2559604
14768831199798,2473159
14768854704143,2360363
14768877165502,2523027
14768900184919,2214508
14768922464749,2513385
14768944105530,2393528
14768968487904,2334847
14768989946063,2299067
14769018970634,2441135
14769040600922,2563738
14769062986823,2344439
14769086114784,2355602
14769108991845,2341877
14769133580520,2400951
14769158183710,2470699
14769180090046,2292323
14769202378971,2431943
14769226369710,2345355
14769250358961,2256916
14769275649930,2216351
14769298671791,2405682
14769323935252,2478222
14769348467659,2480931
14769372635082,2546027
14769396429051,2366256
14769418345815,2244766
14769444439041,2396261
14769467096294,2379327
14769493219749,2277316
14769516747065,2318481
14769540254259,2481218
14769562545081,2536112
14769584346403,2297461
14769610023343,2352154
14769632671948,2378351
14769656872943,2548572
14769682001825,2308012
14769706143519,2294561
14769733547629,2364329
14769761879845,2406241
14769784443187,2444267
14769809535087,2326199
14769834371154,2289337
14769856555540,2428550
14769880644987,2473985
14769904081384,2406824
14769928590495,2566473
14769952311245,2419393
14769980681819,2545658
14770002393766,2558794
14770029078976,2570497
14770052953131,2541161
14770079690846,2480209
14770102827511,2538743
14770129767397,2365092
14770180839637,2413919
14770206075796,2320233
14770228263529,2470111
14770250765041,2445771
14770274466777,2483749
14770299975874,2344931
14770322378936,2458297
14770344811711,2372264
14770366322229,2390543
14770388662721,2415862
14770410684957,2303645
14770432424797,2488563
14770454309690,2508040
14770476101423,2398078
14770499949753,2452030
14770529209572,2598200
14770550035355,2367820
14770575056251,2251900
14770597068708,2258733
14770618205952,2412444
14770640169753,2458331
14770662841217,2449124
14770686874237,2490916
14770711546868,2586697
14770735172532,2450586
14770758704699,2486451
14770780810862,2513306
14770804289253,2311440
14770826295319,2521485
14770849274711,2585783
14770875063608,2257050
14770900048261,2414904
14770923009708,2448387
14770944669966,2276777
14770966258984,2452817
14770989341133,2255399
14771010202595,2336975
14771032163534,2351307
14771055209501,2590356
14771078126774,2467480
14771100153878,2369450
14771122321126,2466944
14771146621044,2236745
14771168152490,2371055
14771190415380,2359043
14771212757040,2283850
14771234795444,2506978
14771258560979,2483191
14771280141679,2321756
14771302998559,2344754
14771330632307,2375989
14771360587419,2434489
14771383194627,2296724
14771404964544,2419545
14771428886321,2488860
14771452054542,2339693
14771476439390,2282760
14771498187926,2319843
14771520107328,2477317
14771540325057,2476677
14771564315048,2509946
14771590252348,2538822
14771614255543,2380771
14771636207891,2542211
14771660237766,2237445
14771683601928,2372121
14771706735366,2278170
14771731600643,2471591
14771752921093,2470655
14771774097971,2327172
14771798776599,2418033
14771822956119,2336212
14771846542792,2356912
14771868235059,2438152
14771890146499,2482808
14771920323628,8090447
14771942908321,2391255
14771964220310,2361630
14771987236637,2202021
14772009268719,2639360
14772032247647,2302437
14772052558917,2333172
14772074198739,2455607
14772096011012,2344601
14772118446708,2272606
14772140011472,2235209
14772188350245,2385953
14772213733916,2230885
14772235916593,2223638
14772257916261,2249445
14772280682568,2251912
14772302497676,2432044
14772324038393,2305801
14772347991951,2278319
14772374239095,2306601
14772396558560,2434665
14772418302468,2360165
14772446725217,2496970
14772468579154,2415509
14772493874426,2289097
14772518344613,2411795
14772540046223,2318273
14772564568490,2393873
14772586975497,2471974
14772608644566,2489962
14772631387495,2515917
14772654006563,2269515
14772678399132,2616585
14772699986286,2264071
14772723947188,2256955
14772746427702,2405377
14772769353258,2351543
14772794343347,2535548
14772816877590,2377396
14772838012141,2252106
14772862125174,2516051
14772884498740,2339280
14772909222325,2399510
14772932400982,2581701
14772954325322,2512030
14772978138698,2479054
14773000751644,2482594
14773022697760,2405983
14773047685473,2279391
14773070007398,2285020
14773092185144,2468630
14773114711076,2476651
14773136916267,2486777
14773159566357,2421492
14773184085850,2325390
14773206987895,2286274
14773230971619,2503416
14773254866630,2222129
14773276036640,2273356
14773300226692,2265941
14773324199570,2269886
14773346609030,2385898
14773368798263,2347022
14773394428159,2469498
14773416311842,2407650
14773439028648,2343717
14773466597034,2286126
14773487987020,2270633
14773512783104,2301467
14773534750250,2388948
14773556205143,2483668
14773578559541,2587105
14773602342921,2445117
14773624661849,2279066
14773649572762,2525989
14773672429353,2408217
14773695090955,2465430
14773718423905,2454949
14773742100129,2261800
14773764771284,2459430
14773788540732,2254273
14773812524127,2394801
14773834997071,2432070
14773859042712,2369879
14773884214142,2367990
14773906295967,2374332
14773928446414,2506248
14773950316271,2272500
14773972076910,2292540
14773996267034,2484212
14774018381583,2562438
14774040503841,2216273
14774062334734,2520559
14774086338173,2441537
14774108873417,2575732
14774130682008,2456891
14774152359762,2443716
14774200275955,2393183
14774224253683,2584206
14774248548819,2233800
14774272241985,2252290
14774296280473,2355947
14774318131178,2419445
14774340416503,2617429
14774362376296,2425536
14774383933885,2360916
14774408310419,2317835
14774432821057,2483527
14774454082531,2477497
14774476653166,2528799
14774498855763,2495648
14774520310466,2477273
14774542772997,2634333
14774564034030,2367609
14774586223265,2512190
14774608630280,2458656
14774629898639,2297699
14774655731324,2307417
14774680037721,2277911
14774702230389,2361435
14774723882122,2340177
14774746122551,2266359
14774767895527,2237983
14774791541634,2295183
14774814245541,2408861
14774835942080,2232859
14774858053259,2385907
14774882192173,2389592
14774903944935,2265126
14774926527163,2525283
14774947802387,2330788
14774970082056,2306118
14774992285469,2311766
14775014608459,2383807
14775035980092,2368964
14775058694170,2351329
14775082972374,2657919
14775108325239,2673407
14775131378817,2339015
14775154363409,2548509
14775175940417,2374734
14775196898740,2230746
14775221301777,2371154
14775242376855,2527439
14775265471910,2423799
14775287943588,2378298
14775313835744,2229938
14775336674110,2298044
14775360517182,2345822
14775385483718,2303607
14775407668804,2404913
14775428244653,2454889
14775453356546,2445062
14775477703770,2555827
14775503367960,2443197
14775526077167,2342889
14775556229599,2440892
14775576549942,2249784
14775600812897,2483216
14775623241491,2304622
14775646124147,2444894
14775668218237,2547244
14775690972300,2247168
14775712879276,2486580
14775734433988,2475713
14775757196450,2352450
14775780076141,2482512
14775801823769,2327215
14775824902550,2366787
14775847850854,2501531
14775870796975,2364697
14775895987167,2347990
14775918036475,2388759
14775940067413,2402412
14775962491499,2298100
14775985996830,2323678
14776007885948,2277843
14776032100550,2370813
14776062366189,2463560
14776084020647,2386817
14776106274027,2367123
14776130814846,2427060
14776153453216,2284527
14776202419931,2543782
14776226447070,2310171
14776248050382,2424557
14776270265158,2601614
14776292307490,2451197
14776313941576,2241011
14776338177354,2475659
14776362011481,2576733
14776383883065,2359318
14776406450705,2255009
14776430457070,2531041
14776452077523,2271397
14776474090167,2383999
14776495929268,2339808
14776518111925,2428772
14776540265556,2253402
14776562389252,2329434
14776584119281,2445199
14776606274079,2489359
14776630152501,2500411
14776652163407,2435044
14776674572838,2257657
14776698191478,2449137
14776720895384,2382188
14776745976665,2282375
14776768479709,2389516
14776790010596,2381399
14776812069090,2439602
14776834447052,2376896
14776856100602,2350596
14776880231601,2426429
14776902062977,2311983
14776924419595,2263458
14776946737754,2492761
14776974505360,2492979
14776996504202,2483692
14777025246713,2503798
14777048019488,2244835
14777070753426,2459236
14777095187390,2542297
14777118220581,2462868
14777142037017,2419387
14777164027041,2469567
14777187282768,2339555
14777211266568,2303973
14777234835207,2266563
14777258622538,2347856
14777282569143,2497878
14777306044238,2265978
14777330388999,2523002
14777353151733,2362507
14777376785722,2281356
14777401775267,2351117
14777428830203,2483862
14777452193468,2542660
14777476778306,2291989
14777500119107,2440889
14777524151712,2431989
14777546170870,2493501
14777568086110,2388254
14777593527931,2278747
14777615938355,2298329
14777639089907,2345006
14777664389190,2414071
14777688559438,2453586
14777711981336,2469657
14777734400560,2425131
14777759752348,2435947
14777782579295,2349031
14777804402586,2317266
14777825967551,2441460
14777847999337,2296615
14777869926136,2345706
14777893795523,2227257
14777916108366,2426278
14777938076740,2480572
14777960335595,2341133
14777983005963,2474039
14778008515587,2482905
14778030640161,2330219
14778053012357,2391589
14778078171695,2352517
14778100264908,2360106
14778126036198,2394773
14778148514192,2435850
14778170581725,2296988
14778220581777,2316537
14778244372812,2389325
14778270831925,2516530
14778294602422,2298637
14778315830015,2342655
14778337948769,2234367
14778362185583,2526387
14778384228122,2257060
14778407016346,2401297
14778432362572,2454466
14778458596725,2311704
14778480261993,2358364
14778504416088,2465655
14778527217627,2248119
14778551206294,2373183
14778576737261,2489662
14778600606812,2327346
14778622132558,2525945
14778644201330,2384467
14778666151979,2466263
14778690806153,2254955
14778712782013,2260394
14778740039031,2463902
14778762431694,2577730
14778783957712,2269031
14778806307541,2514508
14778828856186,2398374
14778850784881,2304932
14778874520592,2577807
14778898802396,2313431
14778919864481,2247227
14778941956307,2436179
14778964311421,2472472
14778988104848,2308868
14779012181774,2468023
14779034284195,2323263
14779062655461,2324833
14779086069102,2254377
14779110196366,2586095
14779136281588,2298216
14779159515709,2365344
14779183196519,2521998
14779204572168,2357796
14779227536386,2213196
14779250133420,2477551
14779276817965,2529993
14779300310399,2464764
14779322328921,2515688
14779345871469,2321668
14779368131614,2461199
14779390389886,2504298
14779414141772,2222745
14779439257868,2519859
14779463926194,2571786
14779488895485,2489094
14779513497298,2398059
14779538085010,2299666
14779563417514,2524027
14779586048785,2363437
14779608335115,2387632
14779630707870,2313207
14779652696095,2297464
14779676134083,2289205
14779701501019,2441148
14779727205227,2359461
14779751436741,2263124
14779775414747,2551973
14779801312921,2403354
14779826635635,2583957
14779849254670,2564335
14779873273694,2714634
14779899541105,2443723
14779922124709,2401511
14779943911825,2296583
14779966833424,2434529
14779990069842,2252133
14780015008296,2516522
14780038648529,2533783
14780064319634,2357776
14780086636126,2612277
14780109081330,2373206
14780130220708,2383248
14780152422818,2526449
14780174541003,2316128
14780220179248,2306073
14780244611347,2247148
14780266222406,2410122
14780287860560,2309189
14780310472551,2258388
14780331808210,2279077
14780354323932,2528919
14780376032795,2336003
14780396509920,2517105
14780419005231,2317146
14780443922068,2268247
14780466596197,2497996
14780490144087,2411201
14780512749436,2457550
14780536545948,2307107
14780559407173,2332587
14780582510323,2475317
14780604746226,2424157
14780628085436,2430193
14780651177897,2523051
14780677484607,2417777
14780699963758,2261361
14780722267346,2491360
14780743852993,2262772
14780768933513,2429661
14780790214802,2502850
14780814778645,2329948
14780837998724,2326580
14780861611705,2532796
14780884201524,2503529
14780906621681,2514225
14780928250065,2597931
14780950096895,2479077
14780972192351,2530876
14780996048656,2517905
14781017917888,2423315
14781039932142,2260739
14781064218613,2479181
14781087055021,2301519
14781111862251,2481209
14781134009417,2314294
14781155960195,2395992
14781181003192,2420361
14781207372105,2493589
14781233432099,2522599
14781258696757,2388746
14781281189463,2524557
14781304474589,2407895
14781328574487,2342329
14781352702438,2571884
14781376937068,2329915
14781400413766,2605245
14781422134678,2366182
14781444348907,2407369
14781468934269,2298945
14781490276336,2474424
14781516679061,2644128
14781540094116,2476770
14781563159747,2561000
14781586943107,2325112
14781610386269,2507691
14781640201919,10359787
14781662276056,2647350
14781688811120,2644213
14781710780861,2327437
14781733190529,2447924
14781756768362,2364342
14781778029089,2426816
14781800012325,2401909
14781822089637,2433626
14781844922362,2292010
14781869270887,2372976
14781894096423,2533591
14781919243812,2482649
14781942470724,2671996
14781964562401,2364128
14781987810085,2314622
14782010724485,2592736
14782034077621,2328813
14782056750346,2337285
14782078847083,2547041
14782101008147,2458983
14782127163094,2455043
14782149785721,2323331
14782172891548,2491881
14782197434166,2424524
14782246640037,2615677
14782270344767,2574648
14782294271158,2267124
14782316084924,2386900
14782338781112,2337146
14782360478870,2225313
14782386364173,2348486
14782410455700,2354601
14782434093769,2499109
14782458257621,2528822
14782480157440,2288473
14782502914000,2536739
14782527016994,2430176
14782552979588,2451489
14782576133167,2231905
14782598034890,2412354
14782620293424,2234935
14782643081563,2585477
14782664854119,2335828
14782686133781,2514531
14782710097920,2292707
14782732227480,2317568
14782754309483,2567744
14782776245551,2458874
14782814311507,2345901
14782839250186,2284228
14782860521886,2432324
14782888206045,2255512
14782912447988,2468174
14782934084784,2494380
14782955941480,2267392
14782978687509,2332424
14783002536851,2483342
14783026984266,2328722
14783051888613,2268992
14783080247921,2515004
14783103628262,2457601
14783130847312,2462779
14783154751326,2403121
14783179190866,2512856
14783204295457,2309748
14783228786993,2455421
14783252330594,2381914
14783275698013,2441258
14783301452863,2490073
14783324606958,2630765
14783348194988,2247957
14783370900340,2401889
14783394992375,2426288
14783421204552,2518691
14783444916295,2508615
14783468380829,2447897
14783494869347,2296722
14783518357876,2501093
14783542102610,2728089
14783567310619,2574841
14783592718175,2395299
14783614573891,2518180
14783637282857,2436966
14783662077440,2367942
14783686795694,2561412
14783710492649,2337723
14783732335665,2444969
14783754161366,2540791
14783776858446,2506031
14783798163658,2302035
14783820094530,2393372
14783842026956,2390024
14783864798635,2362587
14783886542379,2318289
14783910184611,2382771
14783934201996,2476640
14783956526815,2615204
14783978000202,2299256
14784001636311,2443210
14784027041505,2461910
14784052409560,2464475
14784076322340,2459518
14784100183016,2431993
14784122396363,2496575
14784146106105,2375302
14784168258968,2361093
14784190418242,2476758
14784212517129,2442625
14784260270308,2430215