95905151715,3334814
95929758027,2538040
95952261995,2430745
95973893320,2625670
95995695874,2357512
95999827932,2580324
96019676325,2517865
96023473115,2420225
96041839679,2524411
96045787026,2427720
96065074097,2814362
96067866539,2889381
96089880824,2693845
96092512226,5267483
96103732100,3090342
96111417916,2432850
96115792738,2512096
96127357293,2377510
96136431019,2529857
96141796521,2528087
96150633279,2600326
96159554436,2496309
96163599258,2449773
96176001978,2685538
96185367821,2698355
96189984875,2482973
96197753530,2705182
96201637302,2573922
96207936760,2607656
96213764692,4390381
96219628863,2552325
96225421889,2617853
96230479286,3209440
96238931615,2561111
96244078689,2529939
96248009422,2480469
96251479871,2451998
96262492573,2334649
96267704216,2881391
96271557848,2558713
96277508545,2593413
96287893947,2438220
96291920484,2680078
96295804859,2707836
96299727386,2670975
96304064685,2863569
96311991684,2538827
96317915411,4556578
96320819704,2654198
96325533244,4408694
96329599902,3872222
96335609214,2345273
96339499384,2388995
96345411033,4342979
96348081665,2464256
96353452567,4313925
96357376374,2387696
96361872338,2701810
96369591897,2618748
96373006684,3488199
96377515281,4253073
96381671216,3414242
96385536733,3585872
96394691299,5790223
96397434769,2528935
96402077548,3024769
96407279704,5334288
96409967343,5149170
96413368327,3459265
96417497855,2518556
96423622015,4639153
96428178927,4808676
96433691431,5739289
96437651738,3755603
96441283950,3352011
96444013444,2532016
96446562799,3172170
96449841510,2310924
96455638632,2400479
96459783762,2405298
96464643133,2307964
96469414001,2448659
96472275151,5192316
96474895759,3943104
96481513276,6135522
96485442127,3685301
96489537314,6446622
96494035975,2682833
96496711917,5155581
96499413835,4206332
96502089086,2768944
96505771939,2468618
96509770543,2325913
96513690415,2315003
96518391806,2356353
96521403423,5241648
96524103343,3048379
96528167155,2516988
96531407208,5622046
96534111695,4737949
96536649835,3774590
96539387112,2494524
96543889881,2561172
96548190617,2500581
96553010927,2380095
96555689774,4966528
96559918131,4859817
96564755039,5535893
96567759955,8566095
96570825939,7411546
96573717350,6716719
96576684940,3734783
96581172840,2461048
96587371338,4143071
96589905004,2957164
96592940353,5980291
96596268642,5278065
96598779163,3491500
96601861935,2551583
96604379917,4908438
96606948627,7476495
96609623761,2421720
96613730150,2407861
96617728514,2511163
96620494067,5169716
96623267912,4344911
96625791174,2750722
96633550367,5594251
96637579035,3847122
96641430915,3658131
96647583712,5949960
96650758346,22702803
96653440896,8007691
96656064192,10892814
96658761421,20839597
96661623405,7859538
96664419956,7259833
96667300205,6444695
96669993404,3168388
96673874414,2372156
96677886268,2589852
96680630581,5208770
96683410578,4457836
96685949790,2818347
96688811644,5698647
96691517168,4551782
96695830181,4815192
96698476857,3039020
96701968410,2784083
96704678108,5225884
96707408415,7978441
96710036465,6455532
96712686506,5374695
96715758599,8485690
96718384913,6473736
96721133077,4107838
96723656018,2312096
96726290553,5354835
96728987563,3171630
96732176045,2966212
96734967133,5628785
96737677947,4543904
96740724017,3510809
96743412468,2437210
96746198135,9158141
96748963700,3664320
96751704188,2536187
96754439068,9413183
96757266196,4308709
96759862743,2698710
96763561655,6500423
96771407797,10089723
96774382181,5017958
96777159907,2562396
96779952510,14822779
96782568059,17479459
96785173233,6070626
96787798348,8738596
96790464520,15756709
96797164532,13632013
96800167502,2746511
96803137906,3646346
96805925289,6564220
96808754911,11179221
96811464499,7992140
96814099403,10667585
96816733800,5601227
96819426565,11927657
96822198094,14708790
96825115969,8029989
96828050141,5959179
96831060394,4189361
96834978087,3667696
96837670135,10860819
96840449053,5075915
96843279318,7931361
96846027045,6558036
96848982970,9610263
96851564172,8545358
96854063780,6860540
96856735533,9685370
96859430468,8403626
96862116782,6801400
96864775790,5603160
96867321205,8200736
96870066011,6990392
96872862230,5090657
96875512261,4211211
96878217207,2521230
96880983934,9741240
96884329268,5031353
96886955971,7712868
96890820739,6150434
96893594013,8960292
96896079632,7220878
96898721957,9893445
96901517667,8524230
96904135899,6186957
96906821234,8878135
96909401087,8046618
96912018178,6444581
96914580792,9043470
96917269045,8201239
96919785268,6541586
96922412909,5428891
96924889294,7979918
96927692045,6509651
96930228525,4732157
96932679118,7229178
96935369471,5959339
96938018647,4903500
96940680226,7592662
96945935285,8872253
96948816854,3877842
96953723772,12513080
96956956332,15941648
96965549340,12000386
96969883598,4085093
96973655196,3581244
96979679603,5801771
96983594135,33947379
96986419424,36771669
96989234828,11900097
96992483787,29206840
96996440949,37061576
96999049633,39728453
97001612921,8226336
97004272317,15286717
97006912619,21054023
97009650417,6261807
97012601159,9242616
97015139985,7402920
97020678561,5318352
97024556371,3541024
97027378427,15782917
97031566440,20000087
97035138762,11530669
97037912425,14375684
97040554664,9160297
97043092495,11707583
97045826851,17462441
97048516454,8785016
97051528126,15756967
97054212516,7308293
97056966861,13558493
97059919368,9030677
97062442140,6859328
97065134047,5815445
97067833364,8589358
97070438345,6902754
97073293329,5833544
97076130516,4490572
97081433497,5573004
97084121270,8416837
97086824984,7434323
97087095407,19469985
97089643780,5779715
97092104282,8401938
97094959352,7030010
97097631009,4679414
97100344748,7416603
97103063957,5179309
97105912793,4650066
97108519152,2986532
97111414563,6043917
97113986194,4515382
97116682685,3201951
97119438587,5983432
97124284351,3048338
97126878862,9594997
97127151397,17852992
97129747188,4396938
97132247785,6947037
97135040101,5548819
97138295285,5071152
97140833542,7766391
97143459726,6432442
97146217782,4946252
97149081280,3251587
97151766622,5944953
97154372491,4868411
97156924258,3324932
97168394396,10334963
97171213319,13198327
97174898025,9772063
97181044429,5918199
97185660296,4401453
97189596687,26379468
97193695135,3894632
97201436811,40187001
97201597302,52253856
97204147196,8971500
97209239346,18091454
97213174895,3756851
97217646476,4229269
97221563614,3686103
97225525792,50293309
97233077042,61929316
97237324928,4059584
97241583994,4053149
97245518599,3757908
97249443208,3749753
97254270728,28835301
97256772433,52632603
97259582832,6166934
97262222840,31023400
97264785665,38953302
97267526458,41711297
97270246705,8697666
97272788702,15005131
97275517165,5850292
97278358144,12430328
97281012945,7498138
97283822276,6172345
97286641145,4842166
97292971759,11203010
97295964674,2757774
97298687651,12686496
97301491036,5997651
97304353908,8893814
97308796838,15478912
97311535130,7795336
97314210254,15204634
97316891386,17919806
97319665922,6503494
97322365275,14039292
97324886618,7460906
97327484924,10132094
97330165886,7914692
97332790722,5020553
97335635573,3944140
97341472234,9839245
97345465400,3794502
97351725798,16457877
97356120666,4204716
97361547888,5253983
97365453762,3726889
97369557697,3929657
97373623130,38398085
97381446461,7602317
97384476592,26980040
97389745003,37683043
97393592218,47800933
97397510819,51740707
97401580288,8032528
97407739136,5941359
97411944382,22332019
97417308728,5151875
97421686894,4212390
97428311060,6441421
97433628321,49273711
97431043003,41407391
97437436577,62117942
97445522676,14550291
97448102318,2389102
97453557317,38234551
97460296370,6568613
97463032226,58078695
97465677414,2433339
97469421429,9156398
97475053708,19762691
97481456063,6232846
97488182502,6529357
97491299735,43271511
97493783511,55007767
97497597213,63614047
97505283294,13942713
97511847140,6349536
97514380334,2331103
97517033414,25811797
97521462726,37084380
97525363483,3725914
97529502907,3959515
97535977296,68855899
97541149343,4956046
97543925249,26930775
97546717723,39455670
97549238018,54325165
97551841229,6292304
97555012696,13586976
97557518433,20529327
97560025754,23739123
97565301589,10431340
97568065956,18472156
97570822005,9112954
97573559574,7582042
97576232804,10274763
97579024646,5771272
97581549724,8317292
97584189463,14514822
97586826300,8784613
97589544776,6395433
97592226399,4879320
97594775212,7426314
97599142238,8153945
97601675845,2707349
97605614399,10243713
97608341350,12935701
97610928142,7864751
97613716658,10736011
97616511058,9419130
97619215583,7606841
97621998976,10538170
97624671696,9262478
97627291498,7796176
97629997813,5807546
97632525323,3407149
97635227258,6140576
97638723685,5595701
97641161440,8124791
97643754666,6379394
97646370976,4791802
97648816225,7384907
97651343881,6130652
97653988272,8814573
97656654602,7370711
97659232778,4515331
97661637852,2555745
97664302133,5237233
97666925596,3417646
97669623251,6148145
97672114807,4823785
97674599541,7353372
97677204986,5900407
97681013971,5787732
97683700160,8471450
97686228687,6751051
97689003408,5873222
97691884256,8764029
97694550170,7555932
97697290460,6257174
97700157341,9269518
97702755886,7864971
97705320147,6337131
97708076053,9225258
97710853514,7792148
97713671242,6363123
97716530633,5089454
97719369975,8010995
97722077130,6917789
97724615488,5374683
97727211476,8115724
97729983925,6328372
97732755035,5158704
97736970128,9487081
97739585662,8630386
97742100353,5842171
97744601399,8389998
97747337801,6360709
97750128966,4836478
97752779123,7609054
97755406326,5855739
97759978297,10412999
97762856738,9052488
97765488606,8486681
97768183616,7019300
97770989115,9967632
97773803669,8760558
97776444805,7382856
97779192971,10137132
97781997407,9040307
97784525107,7115222
97787304505,5484314
97790039645,8396083
97792700792,7405906
97795571771,6315066
97798471966,9403739
97801249886,7852458
97803712845,2553635
97811800641,14632798
97815311964,14018173
97820567452,11429695
97825594653,16643128
97832304334,6514503
97834801222,29966710
97837289799,16264447
97840280113,21013489
97843180356,23956240
97845856891,30200551
97848479186,7417847
97851030802,13496600
97853733322,18979903
97856176152,11133943
97858914666,5811963
97861613383,4550161
97864128096,7240585
97866802748,5717792
97869484630,4378287
97872645660,7544056
97880117657,11077773
97882781182,3516298
97886852606,13212618
97889651010,16012457
97892176999,7265274
97895292135,13083496
97897972260,15776633
97900631340,7591216
97903507852,14095155
97906150953,16922533
97908859151,5936226
97911631626,4642513
97914036554,3036028
97916811488,5921916
97919397095,4478644
97921887669,2872556
97925301150,2382101
97929574986,2464184
97932375418,5074871
97934928842,7643685
97937561727,2427611
97940401767,9407555
97943071760,12264132
97945749928,6818932
97948482418,9587301
97951180914,7845309
97954028066,2673455
97956774580,9887053
97959437102,3978328
97962108254,6619340
97967382218,8225882
97970041758,10935015
97972656776,5584832
97975486300,8440344
97979470396,16486243
97981889616,6960331
97984522991,13344288
97987108612,7967385
97989620648,10600566
97992224287,8958129
97994636486,7294047
97997130510,5928766
97999840870,8817009
98002497020,7573772
98005478701,2599056
98008091695,5002816
98010557585,3607372
98013705526,2569384
98016515349,5142349
98019189253,3888097
98021798028,2405264
98024603475,5099879
98027375521,4191184
98029995836,2778156
98032736409,5543640
98035511595,8431930
98037958354,6711029
98040512492,5248955
98043103844,7942841
98045802099,6700378
98048367185,4887128
98050892441,7519879
98053360312,6418083
98055816031,3481229
98059345805,2427607
98061826257,4770705
98064267915,7271637
98066861689,5717414
98069654846,4421592
98072177497,7156507
98074846981,5480294
98077606553,4423001
98080325663,2800007
98082968995,5535544
98085657666,4105562
98088271615,2690223
98090984760,5394037
98093840443,4794686
98096438939,3538682
98099811847,2569896
98102660524,5317135
98105421082,3799368
98107939543,6238276
98110713978,9046945
98113409361,8368409
98116078048,6546742
98118765789,9332732
98121573604,8305718
98124397000,6771133
98126999029,4990921
98129461234,7612358
98132232479,5399926
98134745456,3438905
98137472320,6287887
98140308189,4707678
98143013153,7395966
98145756692,5727517
98148449313,3315386
98151272713,6248000
98153781964,3026048
98156219678,5587081
98158699056,9674238
98161482098,6524037
98164090526,10932038
98166651895,5359415
98169288642,10182389
98171664875,6482341
98174322890,6012362
98181502312,8656723
98185428229,3759522
98189546802,3931499
98195767502,22972067
98201017354,11508831
98205295770,15822069
98209764011,32652600
98213705058,3963264
98220077373,6199786
98225288839,20063915
98228056873,2573804
98230615693,25411749
98233331014,40094189
98235869060,42677939
98238387056,5409503
98241091800,11848914
98243638552,20423348
98246303212,29487547
98249192256,10015551
98251696312,4155586
98254166984,6736803
98256873034,5355582
98259396641,3226548
98262054966,5869413
98264637126,3675823
98267347039,6402217
98269984593,3450187
98272566201,6165040
98275211811,4149880
98277643649,6610339
98280332600,5372077
98282817197,7987242
98285544776,6576742
98288224783,5128241
98291171236,8075859
98293739167,6833444
98296421964,5513122
98299284783,4345074
98301852949,6984629
98304522920,5469650
98307164378,4234237
98309786692,2418024
98312329567,4902230
98314841777,3800541
98317729469,2472766
98320492141,5142141
98322933559,3701384
98326977904,2487110
98329699298,5184298
98332312222,7835130
98334897280,5890950
98337412503,8477124
98340104788,2527651
98342768555,9499498
98345594515,8218536
98348949246,5562934
98351638268,9006660
98354124437,6839158
98356654834,5467854
98359286200,3421163
98362023357,6261280
98364659299,4667731
98367202513,7386917
98369811394,6774653
98372475428,4935369
98374797944,3537720
98377433733,6188717
98380034792,4785715
98382665874,7535370
98385283718,6126859
98387987903,4779487
98390474979,7441781
98393247498,5852047
98396077865,4540014
98398685017,7282294
98401405758,5933357
98404020398,3793292
98406749517,6656473
98409432523,4294059
98411853236,2773159
98415293778,2321657
98418078091,5030489
98420582873,2985637
98423389587,5861233
98425972651,4560515
98428434440,2917088
98431025109,5549361
98433625451,4692698
98436333556,3308712
98439610171,2505534
98442085895,4973776
98448888653,7686659
98453549616,8168115
98457654084,3923752
98460315855,14979889
98469587986,24278938
98472265518,15273538
98477449002,28191719
98481429402,3782106
98485408473,3813122
98489608702,40429005
98495575593,5770795
98501343781,29112726
98507973639,6454577
98510563218,49482014
98513226494,52171337
98517524321,7038953
98523464258,5761996
98529473683,25810513
98532144598,2521968
98537040160,33471446
98541499783,4256424
98545520175,3854345
98551234672,5551447
98555383353,23251365
98561593778,6031865
98564098466,2304033
98569420277,48252735
98573395366,55622466
98577402418,3843391
98581388161,3817327
98585301975,72155218
98589518033,11881504
98594133819,4458158
98596683040,31769156
98599199202,49718901
98601659910,2258611
98604189630,9000302
98606848815,15619784
98609518238,27421910
98612035970,7546632
98614607111,10156779
98618976475,5723886
98625924589,2644643
98628744935,5290678
98631492324,8068594
98634167289,7097895
98636984462,9978247
98639802375,8741288
98642419638,11350588
98646521289,7397486
98649440325,14435514
98652127884,9290632
98654769556,7634813
98657417205,2430436
98660171494,13244602
98662829581,11760005
98665566141,6323635
98667997113,3714866
98671360864,2330249
98676139577,2409802
98682003385,8132771
98684463814,10613853
98687109954,13268786
98689727125,8111664
98692176270,6731468
98694634099,9289622
98697408097,8302362
98700175037,11115163
98702765215,7787251
98705490673,2467029
98708287334,5027294
98710939586,4048999
98713504475,2346275
98716189679,4901756
98718784714,3848907
98721578333,2560403
98724281699,5167035
98727132212,4245979
98729775588,6901669
98732556387,5399486
98735283496,8286047
98737943262,6808677
98740842470,5680086
98743401569,8479345
98746157180,7181014
98748979767,5752195
98751753603,4986961
98754220663,3004066
98757005386,5818519
98762939777,7719382
98765504778,6266788
98768296218,9052320
98770857822,7614811
98773589020,10374341
98776342470,9311467
98778930055,7658114
98781598289,10422434
98784076396,8134614
98786942592,6184456
98789549910,4579164
98792065049,7151529
98794839113,5784249
98797402710,4559169
98800705583,2354698
98805633191,2452847
98808291788,5031990
98810806022,3596872
98813421943,6165355
98816110372,4796235
98818686561,7399812
98821310484,6322692
98823928894,4625874
98826363016,7080323
98829610081,2541100
98832182669,4970995
98834748933,7589292
98837360751,6314456
98840174385,4980081
98842751238,3284299
98845424034,2501087
98848129488,8813883
98850722241,3651894
98853717580,2495048
98856193100,4887018
98858636993,7356866
98861240562,6089799
98863843964,4756367
98866306946,7276346
98873571399,10601799
98876301087,2481601
98878659259,7511363
98885547636,9880137
98889514200,3783691
98893493668,3788517
98899227522,5532531
98905524143,6117562
98910012158,4294359
98913372950,3186796
98917508257,41890634
98921451645,47605360
98927763593,6124834
98933399714,18904663
98937841810,4263938
98940503454,2493466
98945581464,44760196
98949464886,49970576
98955844492,6218041
98961325569,5298366
98963883147,2400361
98969453298,90332746
98973518291,9660532
98977394353,36324987
98981448764,3883949
98985386444,3776346
98991549062,5960105
98994387831,63188498
98996873332,72004469
98999369322,5113536
99001923735,7895150
99004423067,15155199
99007159437,17960725
99009767406,44496873
99012318600,6344524
99014958475,13514201
99017675120,5069883
99020230073,3227973
99022748544,5789494
99025286881,4274970
99027812142,6821896
99030376932,5156659
99032869130,2877508
99037850750,2374640
99040477879,4862365
99043015594,3137039
99045568965,5713355
99048015262,3533600
99050737633,6299088
99053348049,3783584
99055988531,6452948
99058584783,4748580
99061075258,7451260
99063697798,6596561
99066341053,4962381
99068864957,3812285
99071447937,6441234
99074086430,4988783
99076506184,3503968
99079389124,2486565
99083582768,2417657
99086184252,4890444
99088739915,3497603
99091305148,5979544
99093658038,3518295
99097298158,2299547
99099918153,4806120
99102357673,7270354
99104886787,5392675
99107387221,7912578
99109872463,6863272
99112451726,5508650
99114805018,3642736
99117539422,6511934
99120211205,3460137
99122786526,3892890
99125415501,4508986
99128069082,2461709
99130470247,3444813
99133085030,5972916
99135584124,3456066
99138138420,3014013
99141047366,3720412
99143506487,2460072
99146028042,8990375
99148608835,9625794
99151272846,5892946
99153958060,5946024
99156291774,8391135
99158871183,6126817
99161535377,4274061
99164051568,6869019
99166750281,5784558
99169315336,4369158
99171875123,7007037
99175268329,2367216
99177954814,4955208
99180450663,3511090
99183341660,2332185
99186005905,4740465
99188431754,3246137
99191143597,5980943
99193970142,4632311
99196653688,7375166
99199460241,6004736
99202148763,4431707
99204507238,6889962
99207185573,5433501
99209879273,8102869
99212306331,6702239
99214893263,5359125
99217427712,3931117
99220820612,2251525
99225907716,2499653
99228764146,5271511
99231420635,3873136
99234183153,2685032
99236893266,9417049
99239602155,8437651
99242258760,6963195
99244874738,9609825
99247371760,7754373
99249895441,6766464
99252456529,5318585
99254919501,7766929
99257365125,6303478
99260095717,5017233
99262486928,3449416
99265363806,6289653
99273094285,9699892
99275976025,2612131
99278580541,11280901
99281229712,5967917
99284053477,8764637
99286831381,13459220
99289510778,10432244
99292152546,7820088
99294940322,10628001
99297604326,8765684
99300360376,7142453
99303023276,4659165
99305798103,7618434
99308562061,4938924
99311228635,7630708
99313776325,6437128
99316569427,9393109
99319267924,4388862
99322527152,2656202
99325230715,5269205
99327745573,2822124
99330474610,5682235
99332989741,4190551
99336429179,2458202
99339010299,4905329
99341579798,7536760
99344321307,5798508
99346843749,3526679
99349469896,6057662
99352034952,4555911
99354442632,6993322
99356985256,5698313
99359578996,8312100
99363209093,8206400
99365857073,6766040
99368470812,5575656
99370934549,3737876
99374017422,2445172
99377887967,6288727
99380489023,4163633
99383244615,6957730
99386112644,5293502
99388767659,3085258
99397063605,11526783
99399727190,14233885
99402547032,13427891
99405024743,15935368
99407715134,6618541
99410447013,9356751
99413061022,13774827
99415748508,16513098
99418342485,9061838
99421114568,15844562
99423615256,2757835
99426516844,5696622
99429383455,4453232
99431844591,2677613
99434482861,5447567
99436984394,3512555
99439764207,2530629
99442325511,4947756
99444715281,7373939
99447318951,6329359
99449857960,4841413
99452262295,7289288
99454912640,5339764
99457412262,4196418
99459877705,6742697
99462514526,5331995
99465133875,4010843
99467786109,2956195
99471741188,2411020
99474337329,4840843
99476780105,3640807
99479439337,2461367
99481989707,4882789
99484458037,7380673
99487068619,5405249
99489546398,7926462
99492122492,6276090
99494476225,4005485
99498505836,2342237
99501141866,4843682
99503603848,2607437
99506177824,5260349
99508838494,3812784
99511712820,2431124
99514510502,5144097
99516961476,3297002
99519646759,6017466
99522088008,3497365
99524698536,6025839
99527349026,4083640
99529712814,6696138
99532279055,5209297
99534782428,2785731
99537298098,5344503
99539867564,2892877
99542574571,5571479
99544922451,3938317
99547444205,6473626
99549936318,2904246
99553434948,2339513
99556036807,4965499
99558426170,3095494
99561768514,2465965
99564387427,4949261
99566861124,3840464
99569351893,6527432
99571932541,4706761
99574351417,7260451
99576993186,4953839
99579561307,4359994
99582153848,6941570
99584737761,5774248
99593255241,10039640
99599751063,6321017
99602180369,2271881
99604748483,21584987
99609475636,14198469
99612450965,2770893
99615041102,19824483
99617570202,30370630
99620053571,7088793
99622553903,17841775
99629184157,24464552
99631703798,2325562
99634186855,13215814
99636648594,15741423
99639234685,6081613
99641680787,16390296
99644284833,5642665
99646684462,3840335
99649320065,6562329
99651817756,3087364
99655241982,2368834
99657773446,4809776
99660272519,3251600
99662804500,5814844
99665312704,4355186
99667865586,6908890
99670510834,5301759
99673058389,3808361
99675607669,6515289
99678519800,5629634
99681196718,3899280
99683628610,2653055
99687779054,2451541
99690371237,4970219
99692877352,3808637
99696644292,2691636
99699439884,5303100
99702179484,8078152
99704746860,6928427
99707472114,9682599
99710134562,8185771
99712638713,10787645
99715222224,8244745
99717921317,6095667
99720558798,8779698
99722958990,3689401
99726272102,2487794
99728822255,4910213
99731482382,4033762
99733868372,2692469
99736427407,5367525
99738827338,3804446
99741505591,6488616
99744030266,4516239
99746595028,7089829
99749197061,5933743
99751675740,4528013
99754064987,7048565
99756596089,5725927
99758992679,3939347
99761553637,6617031
99763888975,3064318
99767671660,2347768
99770330166,4960578
99772712243,3434446
99775459560,2467126
99778182689,5103260
99780678490,3616254
99783262175,6300084
99785937384,9017689
99788494988,7469811
99791068838,5953415
99793721328,4751846
99796150657,3056331
99798915161,5861786
99801502255,4150665
99804017522,6684669
99806623173,5498385
99809358868,4347758
99811812235,2780032
99815344138,2347058
99817904598,4889294
99821035429,2262274
99825500602,2388338
99828268347,4941329
99830795838,7595939
99833508756,10275033
99836038740,8945999
99838677737,7554810
99841480570,10384236
99844138693,8389995
99846928364,7393661
99849802099,10395785
99852366065,7222656
99854991344,5760253
99857384513,2377389
99860205511,11020014
99862703952,3836792
99866009372,2546418
99868687389,5044468
99871164834,3772549
99873867018,2347579
99876515976,4990543
99879116363,7542352
99881922932,6322493
99884522519,9004013
99887283653,7089259
99889873606,4004748
99892361919,6502068
99895019210,5384767
99897504337,7958061
99900160215,6799601
99902528075,3119931
99905635251,2369153
99908308915,4972762
99910844867,2997795
99915267719,2290174
99918159881,5168505
99920897775,3744146
99923395987,6503152
99926025407,5026564
99928445969,7454103
99930943638,5785674
99933478625,4544236
99935897727,2503822
99941650337,2544666
99944248509,4906274
99946676316,7419110
99949320059,5672014
99952082449,4230283
99954777633,6951853
99957239139,5719216
99959958432,8468761
99962564875,7492887
99965034515,2734350
99967708945,5425569
99970139421,3221958
99972810035,5910440
99975187671,4303894
99977893576,6959703
99980710003,3934864
99991531486,12525260
99994351358,2621277
99997362988,18386359
100001551158,4014796
100009558731,15263822
100012365317,2600753
100017665622,30454980
100020837821,2991883
100023507889,2492746
100026167101,43304900
100028804989,25712589
100031349950,32518311
100033940072,6680643
100036581616,12809559
100041923288,2518044
100044396013,4778887
100046898701,7385294
100049462675,6390253
100052048804,5303665
100054460068,3180087
100057023451,5774022
100059473971,4434938
100061880383,6944760
100064414215,9504198
100066862501,3815943
100069483941,2357804
100072060318,4772441
100074484628,3493937
100077008971,6207185
100079638812,4648401
100082074486,2735655
100084609914,5422426
100087165304,3933056
100090221536,3287886
100093532498,2278497
100097689187,2252259
100101596871,2418980
100104240454,4993569
100106644550,2501265
100111422751,2504894
100114217268,5219937
100116987520,7991061
100119608230,6508773
100122066653,8995967
100124637391,11630038
100127146926,8527440
100129690621,6836465
100132462483,9617223
100135158509,8184368
100137698639,6397175
100140343230,5453993
100142779571,2632130
100147559229,2512094
100150381626,5241940
100153081214,3976879
100155597379,6662470
100158165970,5371902
100160611742,3340682
100163268832,6033887
100165716571,8536698
100168216083,7362211
100170831430,5830219
100173339169,4431825
100175817311,6981955
100178533471,5509129
100181030399,4178567
100183765900,6932968
100186280708,4990757
100188687499,3495740
100193235105,2654930
100196059566,5372335
100198723975,3797381
100201399755,6501730
100206870826,2447002
100209625352,5027739
100212405519,3299156
100214862906,5923818
100217489046,8569959
100220077360,7149914
100222868713,5711537
100225369173,8391658
100228009959,6789610
100230461607,9349622
100233184397,6218326
100235573992,4407060
100237899215,6954556
100241633906,2259369
100244217249,4863878
100246668486,3198291
100249348493,2416685
100254330179,2359068
100256961532,4784360
100259679900,4585877
100261981276,7128418
100264710282,5668844
100267297486,8291600
100269751403,6780320
100272302097,9315793
100274795484,7619257
100277492202,6557961
100280151905,5084368
100282593155,2537877
100285179923,5250650
100287813987,2930995
100290412545,5577730
100293070141,4077815
100295576345,2849132
100299690600,2607621
100302434903,5119386
100305140794,3953019
100307650836,6576460
100310298847,5416161
100312822968,3685917
100315646077,6511582
100320867180,6918503
100323362119,6256527
100325990177,8891373
100328699135,5058031
100331472911,7864251
100333905839,6701196
100336585076,5552441
100339197937,8201499
100345590159,10459408
100349447831,10564082
100354826724,11957209
100363537527,8557225
100366214239,19173083
100369579546,8480564
100375470434,5737924
100381351374,22107175
100383759407,24553607
100391393339,34370409
100393982895,38885450
100397195300,8312728
100400220809,2873664
100402789956,15597439
100405415633,20497784
100407895938,34659008
100410424868,44229372
100413289225,8043174
100415977612,2843305
100418635145,5649055
100421056570,2663075
100425751492,2351961
100428265877,4722043
100430741079,3685892
100433416474,6367882
100435943383,4695583
100438329670,3112056
100440883767,5767059
100443472764,4498269
100446069713,3023244
100449551568,2315223
100452076267,4720582
100454605326,7267133
100457158434,4841629
100459648370,2656745
100462196346,5367909
100464614688,2983275
100467362193,5838920
100470026201,5060070
100472609874,7691898
100475148995,6140591
100477877816,4411852
100480490368,2781905
100483142356,5492880
100485636971,3645080
100488273615,6124351
100490666534,3696587
100493257061,6404269
100495830981,4899914
100498279644,3306778
100500965271,6022137
100503651802,2983647
100506179958,5639289
100509053879,2470384
100513535887,2462198
100517459663,2485783
100520209540,5132937
100522702233,3420156
100525530182,6277810
100528230780,4939486
100530832723,7629895
100533511258,6047037
100536001091,8521646
100541560899,2432404
100544106989,4874008
100546699297,2327888
100549387127,4888094
100551916906,2653501
100554517117,5431784
100556993275,7918090
100573623973,20104937
100576395508,19562937
100579180586,2824484
100559443907,5936874
100581975138,5644205
100584585362,8239931
100587003886,10732610
100589502382,13261221
100591994499,9767376
100594423932,15034616
100597013471,18094638
100599566801,4529869
100601967008,6965063
100604693995,5504360
100607213536,4024789
100609768732,6608891
100612436080,5426093
100614864997,3801280
100617600706,6590845
100620183516,4149959
100623641845,2472803
100627576747,6320151
100630142595,8924402
100632690615,6511682
100635350508,4259905
100637886610,6807426
100640552884,5469424
100642996252,3983366
100645525807,6524551
100648094940,5172575
100650664490,3755168
100654463122,2532546
100657222745,5234368
100660100743,5128079
100662547398,3425849
100665308140,6104740
100667985932,4363141
100670409185,6810714
100672986315,6001820
100675547371,8612011
100677967888,7105698
100680564485,5678265
100683090373,3807532
100685544973,6325441
100688079077,4772177
100690621504,3577802
100693279258,6212356
100695953388,4552785
100698455204,3167145
100701083239,5823154
100703856961,4828455
100706447057,3416392
100709835574,2625415
100717627116,10315541
100721429684,3594929
100725432718,3828526
100729712998,4111068
100737435087,7521322
100740032973,28257403
100745454405,33811577
100749270242,3660728
100753162830,3724357
100757375225,4025112
100763317280,5756787
100767761289,27746303
100772150771,4199282
100778431640,6120570
100781004008,2393067
100785451920,53955984
100789636205,59621756
100793592099,71894616
100801630684,7836749
100806176549,4356880
100809446037,3109010
100813406054,31370589
100817533454,42338681
100825209169,63913344
100831546095,6180882
100834160721,2436623
100837636303,26585519
100841509255,3715783
100845483991,3820287
100853158927,7488659
100859720701,6409699
100862145756,2270953
100864693742,61514432
100869491024,74164360
100873365041,3693751
100877315721,3775300
100885538337,20857904
100888019204,2319083
100893047846,37811962
100897268678,4041049
100901416432,3977460
100905428703,3842285
100909412442,3723788
100915280750,73555236
100920621292,93406811
100927208085,6353783
100929813791,16531285
100933328033,23605499
100937361685,3875219
100941432120,53461068
100945384800,3766303
100949413096,70112242
100953354848,15769116
100961546362,31746087
100964051448,2307298
100969690975,46449586
100973674672,3750283
100977532232,3636232
100983777715,28759445
100988353630,37509018
100993307752,4741662
100995992174,49025906
100998499373,8847236
101001126493,20094358
101003908831,38841429
101006513031,41462719
101009219341,5995557
101011828370,12852751
101014415873,19217033
101016932871,9720597
101019604086,6245998
101022135362,3528714
101024613744,6031074
101027085386,3523847
101029617162,2372223
101032182479,4857183
101034597047,3270625
101037172781,5880545
101039712489,4147916
101042071616,6628044
101044578687,5223660
101047220115,4377103
101049838525,2700743
101052645073,5605099
101055353733,4442580
101057838553,6954524
101060634094,5517912
101063174267,3621714
101065610372,6109262
101068125129,5108890
101070702930,7315918
101073342737,6295796
101075969196,4836831
101078520091,2985071
101081092180,5577279
101083937879,4219014
101086520718,6987886
101089270502,5791695
101091822649,8367909
101094578661,6616753
101096981921,3892831
101099543690,6517258
101102177468,4729219
101104555887,3529902
101107256597,6277367
101109916685,4549480
101112298735,7115862
101114918888,5641891
101117548616,4514371
101120188687,7212660
101122874151,5767246
101125540521,4318676
101127949358,6942885
101130562251,5626467
101132962188,3996967
101135580069,2395164
101138230965,4875609
101140777192,3722542
101143287663,6266609
101146024820,4894829
101148551849,7531957
101151218353,5918935
101153706181,4579267
101156173282,7100764
101158690826,5520939
101161114019,3807897
101163685116,2376852
101166330765,9177083
101168775522,3404908
101171541303,6086742
101174181441,4544214
101176847899,3641316
101179591065,6475345
101182269873,5181900
101184840886,3677406
101187577564,6545985
101190275843,4863392
101192974113,7635288
101195844046,6726504
101198605598,5337840
101201308090,8219139
101203892117,5147788
101206418561,3422094
101209200077,6209691
101211698381,4034157
101214092041,6530640
101216665869,9217142
101219431249,8370536
101222063376,6995768
101224763579,5718107
101227310000,4135280
101229744881,6662598
101232465274,5408431
101234845236,3229162
101237525299,6016830
101240033711,4146295
101242609311,6750447
101245311099,6254220
101248017555,4104830
101250358329,6562720
101253031277,5551613
101255550507,4490314
101257963982,2796869
101260779236,5643662
101263192251,3959857
101265935442,6809632
101268462355,3949582
101271425881,2569931
101274009446,4982794
101276580369,3151895
101279237551,5951910
101281796625,4427210
101284248739,6992038
101287011963,5743402
101289633133,4061928
101292205712,6777891
101294942349,5672539
101297418930,3784973
101300027182,6610063
101302486721,4334217
101305230813,7095204
101307902430,4925624
101310550340,3504182
101313241938,6199094
101315984296,4840417
101318569984,7617390
101321317907,5892358
101323782672,3957163
101326460656,6763035
101329114292,4746277
101331766052,2606170
101334435642,5213761
101337058055,3993018
101339686831,6659437
101342420973,5430286
101345029551,4073619
101347814055,6897529
101350580396,5256434
101352893459,3604238
101355615390,6438361
101358240322,4780275
101360829857,7422077
101363581363,6610684
101366174445,3882629
101368760128,6523222
101371214343,2762088
101373692477,5397786
101376261291,2993240
101378797427,5630691
101381598461,4306446
101384067550,7021098
101386657659,5290304
101389195335,3961586
101392840253,2373233
101395438618,4800824
101398174875,7588554
101400939482,5095795
101403603569,7995509
101406296016,6526726
101408767183,9108727
101411282334,8538073
101413783115,6595328
101416526086,5586334
101418995772,3622106
101421693134,6074161
101424255826,4756097
101426710945,7366114
101429358667,5448866
101431797525,2673890
101434425396,5337210
101436985137,3487224
101439441559,6257791
101442011947,4927762
101444389693,7357758
101447239525,5792448
101449854831,4733198
101452366549,7347048
101455002002,5536001
101457619097,4280202
101460033813,6832544
101462708352,5553784
101465099025,3638183
101467691012,6331141
101470404130,4618832
101472920887,3232860
101475668208,6009978
101478041241,4602952
101480591594,7186714
101483187405,4488016
101485719062,2553166
101488292726,5261718
101490913303,3322136
101493488150,5990126
101496078970,4823495
101498469992,7424142
101501067230,5895136
101503402002,4094046
101505945639,2293315
101508417168,9161993
101510963750,3513859
101513300995,2342856
101516145396,8777873
101518656898,2753481
101521270743,5633441
101524104045,5170104
101526573417,3388922
101529460222,6289619
101531869522,4688186
101534371921,7233982
101536923349,5562545
101539481825,4127243
101542048416,6794918
101544619074,5208204
101547171223,3821440
101549794769,6526100
101552335609,5145100
101554823076,3545007
101557401250,6204810
101559865765,4802772
101562417196,7344977
101565055985,4301569
101567497713,2634829
101570161514,4985400
101572667708,3602861
101575232889,6219390
101577701538,4439408
101580340669,2913975
101582912182,5706072
101585388927,3806048
101587936525,6480253
101590426019,3933624
101593383612,2357491
101596030328,4771633
101598658180,3248015
101601411405,6020171
101604173654,4795431
101606777410,7516316
101609484192,2510471
101612109420,8508754
101614657460,11141074
101617551586,6371602
101620126401,4723971
101622626557,7371531
101625256078,6075046
101627679546,3518660
101635124341,6436889
101637858263,8777787
101641359826,12537863
101646297944,8572286
101648961958,11235692
101651581163,16303988
101654123444,8931851
101656725032,14949968
101659372310,17755228
101661982033,12736626
101664534444,15306134
101667281022,6013483
101669858441,12428737
101672253115,6790507
101674821558,5901732
101677458900,4055781
101680056865,6703224
101682596154,5432241
101685028742,3694414
101687498381,6199110
101690128991,4670087
101692587950,3189401
101695315170,6037307
101697784855,4293112
101700856807,2525888
101703402258,4892693
101705888722,2921844
101708756776,5866133
101711404493,4547698
101714006480,7184228
101716505325,4624582
101719307585,2609729
101721825093,5038956
101724334907,7574809
101727090070,5826427
101729594122,4574583
101731992837,7005067
101734499828,5719370
101736940143,4064810
101739578240,6724460
101742082473,3502840
101745487019,2458785
101748045125,4859286
101750546354,7408254
101753227434,6346355
101761181022,10115026
101765245465,3886916
101768937094,3519635
101771478856,2384607
101773894235,22872161
101776467349,5338189
101778882781,9714158
101781271764,19853327
101783908112,28966665
101786437518,11485630
101788987599,5760097
101791789340,4873624
101794234864,3012966
101796841298,5745771
101799601190,4345471
101802014183,6756997
101804646423,5129003
101807298795,4048534
101809900161,6694494
101812631868,5816351
101815141491,4028146
101817704920,6755526
101820331411,5293432
101822797258,3534249
101825362114,6037697
101827899725,4584923
101830343084,7035579
101833017662,6157349
101835581773,4418485
101838129315,7049587
101840944209,5824509
101843701252,4696234
101846303440,7487495
101849096329,6081580
101851776362,4651942
101854429964,7319685
101857196753,5844299
101860010227,4885199
101862626346,7545807
101865298243,6153077
101868000991,8970009
101870668710,7678940
101873421690,6667831
101876191646,5134137
101878842165,7951717
101881619978,6452633
101884482100,5104334
101887132573,7900991
101889855140,2535880
101892545085,8763681
101895234299,11551780
101897802443,2341726
101900542612,9069506
101902961374,7822472
101905609504,6784942
101908301842,5020226
101911050887,7614546
101913621498,2611331
101916218885,9454904
101918743952,7670273
101921448870,6341156
101929196057,9984651
101933493313,4137253
101937365863,3709509
101941436079,3886817
101945370099,3745309
101951633458,32486915
101957454323,15733528
101960221736,2625911
101965488309,27877722
101969418006,46351085
101973093648,12267140
101977314697,4051563
101981130535,20932147
101983723793,28541578
101986182213,37220149
101988728869,6736140
101991351445,13818183
101993800137,27907053
101996416917,5709777
101998880729,12154374
102001387520,6542223
102004000538,4881330
102006429079,3077329
102009084248,5790249
102011647859,4224801
102013995617,6634210
102016549970,5000349
102018929626,3589345
102021402273,6077043
102023959198,4216845
102026997825,3446800
102029660923,6289929
102032359150,5133114
102041633274,10391631
102044227353,2425913
102047752937,16639646
102050424149,6192596
102053108938,8921167
102055563970,20287405
102057955001,6563469
102060481004,9229010
102063212696,15810789
102065870134,4637498
102068408460,7227780
102071182051,6399738
102073809000,4680321
102076339673,7270095
102078830955,5812476
102081200418,4068020
102083691893,6591773
102086247050,4472505
102089131543,2214233
102094254572,2599852
102096985243,5071676
102099624565,7793297
102102397004,7099464
102105009611,5469494
102107635418,7798123
102110206806,6819675
102112830872,5635010
102115335745,4152253
102118076251,2430293
102121823495,2324037
102124418659,4846612
102126829199,2491701
102129331383,5031483
102131791511,2739791
102135941016,2496744
102138548726,4866946
102141100455,7437236
102143563206,2283228
102146266812,8766524
102148907654,11505962
102151643889,6287482
102154263254,4904763
102156726735,7423806
102159266418,5786968
102161697204,4722879
102164101277,2707955
102168371013,2334831
102170984346,4878090
102173533858,4411293
102175923417,2802452
102178567570,5480896
102181027603,8011538
102183791149,6827951
102186389709,4660991
102188860836,7280237
102191394417,5371136
102194183046,3081144
102197046269,5956386
102199825647,4852329
102202311309,3366003
102205787154,2523328
102210070935,2608673
102212693407,4988026
102215242418,4024556
102217896735,6612137
102220621479,5381909
102223159743,7964283
102225764511,6754678
102228302773,3576160
102232365727,2605910
102235009222,4935654
102237459007,7428191
102240031289,6092534
102242320399,4334327
102245494944,2370668
102248064435,4765830
102250449772,3272523
102253025198,5908459
102255572584,3974492
102258002669,2969758
102261160512,6328856
102263875363,4407490
102266304189,6898550
102268932326,5690572
102271595567,4281665
102273995692,6729920
102276453455,5163141
102278959412,7737046
102281567775,4582221
102283925799,3063954
102288146906,2372830
102291043891,5106792
102293815957,4381990
102296290192,6882215
102299033317,5841878
102301641462,8456527
102304267383,7049630
102306731456,9617635
102309342557,8364205
102311760582,6793158
102314308668,5415755
102316829204,3695838
102319567816,2293959
102324301822,2281920
102327591850,2443276
102330165261,4937337
102332502527,3442798
102336655725,2354837
102339228876,4892187
102341841252,7462116
102344497440,5326997
102347168396,7959580
102349691554,10647683
102352369411,8909635
102355030013,7667524
102357569957,2498833
102360164559,8378526
102362912462,7763385
102365649934,4865854
102368114372,3098286
102371497985,2365568
102375514349,2343431
102378008950,4845714
102380551048,3685742
102383172192,6292502
102385856536,4170114
102388310004,6664247
102390915805,5358384
102393476175,8061074
102395889768,6673768
102398366350,5275197
102400769354,3424304
102403576090,6155014
102405990376,3561260
102408723345,6174731
102411386618,3647273
102413790863,2696427
102416377668,5406210
102418801148,3970697
102421404936,2309657
102425318883,2266789
102427896962,4867769
102430543636,3601037
102433161365,6231045
102435658523,4522710
102438184266,7050345
102440816871,5740943
102443482198,4259210
102445879896,2790914
102449604325,2292546
102451996556,4680765
102454529277,3288111
102457613078,2256742
102461659375,2335020
102466597137,2616047
102469328399,5233756
102472002322,7979851
102474755128,7031564
102477351584,9634983
102480052174,8447317
102482397742,7097566
102485041525,5232796
102487506836,4158696
102490074629,6694544
102492840818,5586924
102495441085,4113558
102497804171,6509525
102500565200,5156783
102503006911,3647856
102505634576,6315430
102508171262,4969068
102510735346,3348639
102513222030,5983463
102515963369,4802274
102518445889,3333739
102521702325,2454232
102524189489,4830950
102526955930,2412480
102531743830,2527022
102537251671,5023001
102541545107,8326351
102547329739,14233589
102553411933,11900627
102556190185,2619241
102561476310,24194338
102565172420,28004241
102569189293,3857480
102573332160,3985479
102577590639,21390455
102583903662,6154756
102589400206,33242152
102593709550,4161167
102597350923,3484023
102601090564,55209268
102605322190,4086039
102611504970,24311618
102616915902,36048838
102621370168,4286532
102626304216,4776619
102628919174,2445677
102633365073,55473231
102637331143,59517844
102641322762,12461907
102645419230,30200052
102649456969,40342648
102657514953,7879710
102660140531,2449851
102665482049,26599341
102669621434,35714170
102673298328,3511671
102679586474,19005132
102683540766,31993653
102689317773,5621049
102694200382,4717700
102696874350,2525714
102701586932,24594319
102707759383,5990554
102713584686,47775242
102716326474,50567714
102721350567,16234796
102725590085,4069380
102729584474,3824442
102737616814,7867935
102740310073,2503778
102745483322,58289247
102749474441,3814657
102755526523,5915831
102761264295,77483647
102763779025,2332093
102768812099,27770480
102773344921,4373498
102777486577,3999779
102781500815,3840360
102787703211,6038861
102793583816,53327625
102796115809,2383519
102801456603,85138327
102805373372,14160558
102809469119,24441929
102813313732,35607352
102817611040,58385510
102825317566,7554956
102827824581,2343209
102833501672,22558391
102840122525,43006030
102842762623,13787970
102845519362,26411131
102849425961,30348851
102857574382,39708876
102860349399,2594761
102865402469,18499002
102868839420,3271591
102873525380,4526172
102879740041,6059433
102883523921,40786066
102889266566,5566079
102893794358,4369115
102897368212,3435273
102901400234,24366401
102905491505,3926796
102911293006,5648948
102915462409,49783150
102921196205,5552328
102925483319,4097203
102929294262,3639782
102933321350,73027806
102937297875,77026974
102941351544,22149082
102945315189,36050075
102951251235,64061304
102955492326,21905700
102961592066,5944345
102964032383,2302921
102968904863,19516225
102973431851,24065065
102977343094,3730186
102981332795,32004046
102985286314,19739977
102989505594,30324577
102995681608,39947022
102999717719,13891521
103005447140,5572185
103010067862,4468302
103012526886,2309108
103017404410,39850378
103021414801,18198188
103025311872,3757186
103029564973,29609129
103034460292,4740636
103041188651,46415062
103045991689,4651608
103048431183,2276993
103053335084,63556893
103057242973,18049718
103061535460,4118748
103065424729,30981346
103069516938,37337110
103077418610,55778267
103081355418,3739221
103085345413,3833849
103089631966,4089152
103093594328,30705422
103101666131,14543066
103108397714,6557308
103111010636,2463041
103114022010,42950600
103120181245,5965654
103127461839,57686065
103130184312,60404839
103133526418,10330038
103137468450,3763923
103141554327,24965654
103149486775,46266413
103151996219,2367819
103157417808,66323140
103161590264,3970585
103165532075,3779756
103169576326,3853332
103177433026,25460140
103179938570,2349607
103186038240,43076196
103188504618,2280979
103193567295,63433982
103199406582,28127636
103203453591,32200908
103209736005,6130666
103212369163,2471645
103217615026,59960821
103221578898,14392577
103225478368,21780034
103233423491,35929136
103235968289,2390755
103241331757,52244301
103245491394,9538216
103249432152,3765150
103253456448,26382578
103257405828,34808880
103261337264,3777160
103269325737,56228514
103271838606,2364639
103277413597,19762329
103283934867,6379282
103286546998,2445863
103289477565,43725593
103293627843,14419701
103301419598,29604810
103304187190,2594773
103309357755,46131562
103313410632,3901126
103317594685,4020905
103323585322,5808293
103329134691,65931779
103333529978,12400641
103337469155,3756920
103341473537,3835549
103345586212,41418656
103349375440,3635559
103357329336,66280489
103359998604,2512001
103365764999,74740562
103369592798,3643973
103374042131,4288726
103376783941,16745652
103379517853,50378659
103382113210,54925082
103384608230,7572425
103387316779,17489955
103389827078,23817814
103392268035,6757885
103394931475,13788864
103397665537,4587997
103400179652,3136708
103403853090,2677064
103406481110,5162647
103408950785,3724591
103411555208,2294244
103414391255,5046825
103417117621,3723958
103419831168,6404258
103422574711,5169235
103425244209,7849337
103427982670,6683361
103430551081,5019082
103433144060,7616608
103435645300,2322565
103438100880,8706792
103440765918,7356488
103443347664,6142300
103445773553,2791753
103449429106,2370785
103452059000,4895356
103454533380,3605353
103457815413,2471425
103460524696,5011665
103463167598,3904308
103465715914,6497695
103468340306,9165102
103470907519,7927522
103473664162,6590441
103476162532,4652918
103478615820,7114054
103481217561,6211041
103483875298,4622685
103486230036,7132212
103488933066,5715059
103491565604,4401671
103493971322,2412853
103498229913,2395863
103500797434,4795948
103503256696,3127304
103505838711,5765603
103508389323,3308566
103510999083,6041774
103513771865,4396834
103516437748,7029240
103518910275,5841557
103521376418,8333899
103523969186,6783026
103526579890,5434575
103529110897,3983337
103531698057,2349794
103534221711,9137227
103536759195,3501399
103541128653,2325071
103545676374,2367350
103548285723,3493870
103550979748,6112381
103553498060,5920653
103555966409,6834205
103558393990,9366424
103561114325,9845518
103563852938,12638517
103566282613,7926044
103568864470,5829092
103571349261,4149708
103573818993,6562446
103576321193,5319015
103578761883,3698620
103581463460,6408608
103584055601,2837547
103587882598,2577408
103590465257,5092468
103592902514,3625034
103595885703,2367846
103598402185,4894823
103601002095,3644181
103603937212,2654225
103606654131,5203304
103609508756,3786219
103612146722,6463221
103614842175,5621102
103617464722,8274482
103620301627,7001733
103622830228,4611329
103625573948,7337116
103628410266,5251560
103630942539,3788059
103633381204,6321784
103635909452,4183701
103638436224,2338008
103643767456,2521095
103646472671,5103965
103649147412,3836508
103651666263,2447995
103654405417,9254647
103656957433,3213248
103659698373,5973697
103662274618,3423691
103665102604,6401362
103668051748,4379361
103670691549,7065056
103673359811,5745683
103675984924,8421432
103678748183,7384667
103681267395,4665910
103683973350,2690638
103686731398,5516541
103689506469,4247343
103692153560,2807351
103694793481,5533783
103697714092,4631597
103700356061,3021946
103702940318,5648176
103705396641,4056526
103707996400,2707985
103710347567,5211337
103712822867,2231218
103717977451,2540048
103720588684,5034994
103723187004,7555186
103725699357,2413174
103728335325,9035691
103730798094,11522184
103733356111,5784310
103735905612,8508620
103738497077,7163409
103741105010,6011290
103743701501,4355139
103746187655,3108939
103749404587,2319241
103753734625,2329976
103756236463,4866013
103758687830,3469529
103761351132,6010801
103763986096,4964895
103766492196,3118718
103769240396,5917345
103771704718,4515866
103774233558,6984993
103776926351,5394606
103779588192,4114895
103782083949,6655278
103784853560,5547301
103787560987,4209151
103790311719,6895248
103792994729,5590148
103795631195,4373463
103798304205,7101502
103801032197,5685593
103803422012,3570688
103806274115,2363701
103808879641,4795777
103811269296,3144421
103815976922,2460027
103818657185,5080937
103821080008,7517271
103823556433,6416516
103826089759,8973696
103828646865,7268762
103831186651,5677615
103833798887,8327535
103836217262,6660797
103838961291,5704561
103841293647,2626576
103845640380,2268169
103848230314,4801682
103850787212,3440749
103853481061,6178984
103856204707,4702778
103858839936,3385319
103861586684,6118825
103864133445,8723943
103866696710,7263913
103869346626,6253101
103872114490,4565044
103874737124,7219009
103877225413,5780322
103879785369,4609312
103882341080,7269955
103884899328,3736905
103887654200,2410280
103891526582,2345190
103894165528,4910783
103896562503,3283429
103899149949,5894827
103901534806,3002193
103905776818,2393607
103908192975,4730762
103910758134,7251432
103913313970,5974997
103916000812,8671414
103918316586,6907002
103920940949,5254828
103923403505,7725777
103926026991,6493347
103928629577,9131096
103931181648,6139384
103933750649,4200119
103936280213,2695774
103940465438,2347907
103943276176,5071133
103945747689,2752607
103948372569,5462059
103950834274,3664660
103953445705,2200143
103957905148,2466351
103960541733,5002381
103962948928,7516528
103965627471,6482379
103968028051,4135641
103971617704,2495126
103974306499,5057467
103976664043,7536616
103979514514,6240154
103982066670,8818523
103984583557,7539123
103987191048,5915971
103989793511,4621951
103992246133,3079866
103996102901,2601896
103998593104,4891049
104001024669,3654757
104003877370,2269101
104006500193,4791871
104009199403,3392307
104011649491,5935888
104014268971,8622229
104016819542,7570010
104019323723,6325733
104021969076,4835674
104024369126,3131080
104026958927,5705118
104029597199,4142663
104032165687,6846800
104034820408,5695426
104037319503,4306861
104039796672,2741169
104043865958,2492568
104046363749,4773625
104048725471,3472854
104051672682,2468369
104056063275,2482828
104058548861,4778410
104060925326,7252668
104063499182,2272428
104066079294,9099637
104068711944,3114797
104071302350,5899903
104073995567,4417078
104076408945,2795754
104079059945,5583280
104081570242,4046909
104084147442,6636578
104086586793,3431449
104090002600,2368199
104092619546,4966176
104095223029,3771163
104097662908,2465830
104100126005,4851057
104103571787,2380312
104106261863,4833643
104108760210,3243288
104113632227,4145572
104116338306,2412711
104118958819,9319142
104121438786,4152879
104123975005,6909651
104126635473,4972416
104129270285,3721341
104131670771,6271443
104134232668,5182960
104136754618,7802942
104139470646,6365642
104141951871,3133403
104145875854,2404529
104148599196,4855970
104151042333,7339914
104153653816,6542834
104156288928,9186267
104158685828,7354892
104161394674,5701624
104163951334,4257761
104166409936,6949622
104169119003,5567873
104171590289,3790861
104174057002,6463871
104176751376,5001250
104179152165,3518331
104181628866,2294197
104184361293,8636724
104186784594,7306981
104189339494,5895150
104192022288,4565715
104194626959,7419776
104197486871,6024125
104200086439,4981054
104202459284,7536575
104204978447,5874362
104207600179,4618047
104210048438,2602316
104213573598,2260297
104216284166,4841310
104218761694,3834895
104222465846,2436127
104225139003,5039178
104227757079,4514758
104230262520,7271597
104232831508,5762324
104235596361,4171881
104238128206,6798887
104240736352,5521313
104243209504,8017174
104245941752,5991892
104248439662,3158572
104251069926,5838307
104253582852,4535987
104256109043,7222310
104258479842,5280311
104261214791,2345033
104263785056,4850933
104266172869,3196450
104268881019,5827354
104271488550,4438727
104274056874,7195709
104276748013,5570375
104279309002,4001660
104281773885,2809015
104284446459,5641329
104287047637,2747227
104292143578,2592147
104294848368,5136288
104297525922,7822737
104300127834,6982113
104302751397,9762292
104305372694,8343100
104307889277,6424709
104310540151,9202172
104312973560,8082525
104315666754,6540647
104318123589,4369366
104320640438,6911982
104323161408,4319822
104325994522,2513361
104328694342,5088202
104331404527,4167546
104334097589,6869643
104337903197,2630980
104340750904,5332351
104343432722,4293658
104346087032,6941377
104348909153,5612236
104351677229,4165480
104354267617,6922285
104357009727,5608336
104359916813,3931860
104362641933,2706735
104365226477,5084379
104367787523,7756151
104370473322,5785746
104372922394,3561259
104375581928,6241719
104377942876,3954184
