17238637539047,7707305
17238640200087,2780217
17238642752257,5545126
17238647080219,10035638
17238650217227,13271030
17238652756993,20144486
17238655310655,7683517
17238662423036,3397918
17238668491325,5615487
17238671357414,2867015
17238674106537,10988160
17238681202600,10675159
17238684005364,9220704
17238687611325,3641553
17238690293744,9470434
17238693326800,4759720
17238695869102,3582561
17238698435440,5898391
17238702910162,2384862
17238706665845,2435968
17238710604994,2403602
17238714932519,2543771
17238717663862,5086550
17238722058686,5542304
17238724605573,3802739
17238727852460,2459476
17238733923939,2653026
17238741071721,9549377
17238744731753,3311937
17238750832850,10607820
17238753474375,9445864
17238758756492,7951086
17238764962928,19838642
17238767704074,2467726
17238770947268,17081712
17238774609053,3396900
17238777336635,23861113
17238779932954,19053313
17238782798893,2461689
17238788123581,12991364
17238790827773,5772633
17238793334183,3272341
17238796890403,2471020
17238799707068,5082585
17238802313760,3974437
17238805343561,2485114
17238807843382,4785733
17238810793454,2395723
17238816952570,4659711
17238819581389,7158185
17238824595106,7245945
17238827223382,4383791
17238829699716,7199517
17238832550091,10181281
17238839336815,8937751
17238841853832,11580515
17238844966444,2803509
17238849380059,4740018
17238851905662,9548299
17238854560160,2347085
17238857029065,8687893
17238859753949,11518976
17238862277357,3603622
17238869399118,5803368
17238871955908,3690585
17238874847396,6716855
17238877708810,5142315
17238880133428,7675911
17238882905575,6666416
17238886789260,10683359
17238889467868,8770040
17238892022394,7362429
17238897582964,5073958
17238900190808,4082773
17238902907495,2397913
17238910821154,14844245
17238914881185,3739545
17238915044667,26951659
17238918104427,6792120
17238924010925,5612390
17238927051861,21933472
17238933792279,13853650
17238940964024,16464572
17238943467575,19092874
17238947025987,8879107
17238951125214,14224270
17238954907905,20421840
17238959191314,28943658
17238967141801,19173389
17238971111521,3682711
17238975097323,27427274
17238979109328,3748735
17238983081032,3680537
17238992321170,44733135
17238995288448,19745690
17238999557524,28468120
17239002110417,41717391
17239007012806,46892765
17239015084952,16873034
17239017740179,2432189
17239023150647,27900548
17239026930189,3538329
17239031089898,40658502
17239035013161,46169592
17239038909711,11588247
17239046501252,22954699
17239053012169,6277595
17239055636347,2387477
17239059013773,41269061
17239062918000,3686692
17239066926116,64422083
17239070993840,22190394
17239078484137,42104047
17239085073755,6333999
17239087959401,51704162
17239091013483,8953004
17239095109323,22766533
17239098966134,30970140
17239107074697,43778836
17239109692706,2360865
17239115053734,22468611
17239118906336,3613024
17239123139694,3989137
17239126929222,39024224
17239131031185,43195643
17239136744448,5474066
17239143039891,32910419
17239147937386,4660934
17239150560839,2395643
17239155024262,44937504
17239159129867,57644010
17239168889794,17544468
17239171573907,33400922
17239174305673,36656804
17239179094763,47696299
17239183107022,3761347
17239186680748,15133059
17239189127684,23099358
17239191930781,27094672
17239194779605,38811321
17239197258635,7045266
17239200105159,9998193
17239202885757,28194736
17239205539385,6922939
17239208171319,13747579
17239210967439,8597212
17239213876477,7732522
17239216542094,5152531
17239219020573,7702811
17239221752415,5775478
17239224544320,4417739
17239227141841,7111747
17239229905976,5553348
17239232802478,8571297
17239235545032,7124003
17239238205494,5552455
17239240900449,8335571
17239243489778,6996687
17239246145874,5604257
17239248677602,8202745
17239251480101,6647595
17239254240106,4883959
17239256858379,7627100
17239259528478,5726336
17239262309264,3761430
17239264779198,6188901
17239267334708,5186222
17239269834137,7754362
17239272538211,6511616
17239275144689,2677793
17239277895249,5637950
17239280642617,4254201
17239282969450,6833535
17239286403618,6377941
17239289327495,4144194
17239291780363,6827122
17239294499397,6071321
17239297446210,8967575
17239300148949,7886816
17239303501158,6885587
17239307411189,9805276
17239310925276,10273817
17239313515027,9542359
17239316289860,7536130
17239318959342,10458715
17239321704414,8359092
17239324607140,6220403
17239327166151,9009048
17239329884320,7522170
17239332597868,10423477
17239336557614,9514923
17239339221937,8439391
17239341746546,6789718
17239344549176,9801704
17239346958599,8811460
17239349795320,6864910
17239352440593,5027819
17239355222587,7763816
17239358016501,5582061
17239360660830,8417000
17239363640935,7005609
17239366509867,4991521
17239369189762,7731293
17239372093480,6025510
17239375030551,4610437
17239377523794,7441147
17239380212758,5513308
17239382801228,8283718
17239385324403,6930679
17239388180309,5769950
17239390787408,8320367
17239393306862,2419474
17239396101675,9704300
17239398905516,3973452
17239401351485,6696706
17239404130586,5821183
17239406582632,8494256
17239409206657,6318411
17239411868688,3589328
17239414622302,6619262
17239417228267,4844871
17239419721138,7597290
17239422587360,5050296
17239425059433,2493614
17239428424919,5944263
17239431367984,4496952
17239434205694,7355538
17239436971962,2659286
17239439675209,9264258
17239442160675,11927406
17239445163061,5742398
17239447793832,8532063
17239454646600,10403775
17239458934667,4446450
17239465175223,6014288
17239468145579,19873477
17239472345835,3994298
17239477458654,29321495
17239479959326,7636599
17239482711085,20500491
17239485314755,23189016
17239487980748,28662919
17239490584540,8426836
17239493988731,19635310
17239496483233,10123069
17239499232056,7577853
17239501781438,3890896
17239508298778,5995466
17239514010218,7987384
17239517257410,14725874
17239521175411,18672058
17239531765293,17432651
17239534341300,23822211
17239538194816,27752980
17239545560898,16350774
17239548281286,19398159
17239553781997,35543251
17239556671546,2600230
17239559325639,41282183
17239562002742,5799332
17239564657918,20743871
17239567234786,26937284
17239574625137,39119551
17239577224914,2375069
17239579824350,15412859
17239582449327,22264473
17239585243790,7160385
17239588110118,19977580
17239590759555,7851378
17239593448288,10623866
17239596186322,8258229
17239598933425,11064464
17239601451925,7111181
17239604284369,6039282
17239606937631,8830242
17239609437281,7533318
17239612159328,5734681
17239619186062,8871429
17239622639442,3263984
17239625163000,2313678
17239630111058,19850287
17239632855425,12102132
17239635391671,21005949
17239638006961,5653689
17239640557240,14166085
17239643178635,16940980
17239645929565,5705536
17239648419335,12216733
17239650921983,5976602
17239653502179,8589632
17239655980346,7237823
17239658558444,6102253
17239661188907,4414259
17239663701783,6969105
17239666481225,6014020
17239669054974,3853674
17239671702525,6594944
17239674155426,4042051
17239676794548,2427967
17239679329954,4798540
17239681906445,7398262
17239684787586,5687803
17239687401620,5106787
17239690059552,7833755
17239692801492,6551809
17239695470346,4872612
17239698108175,3364068
17239700722244,2361368
17239703388171,8810177
17239706130313,7633137
17239708726634,6709067
17239711364078,5349512
17239713961968,7562458
17239716689133,6572151
17239719356169,4314329
17239721863926,3313071
17239724584357,6086079
17239727458986,5223315
17239730205744,8033234
17239732809208,5978752
17239735458233,5316333
17239738270023,8169605
17239741119582,6744757
17239743876002,5639613
17239746476357,3833160
17239749102909,6265368
17239751651964,5406533
17239757075987,10870591
17239759483672,8289252
17239762302700,6029948
17239764910873,8723417
17239767497060,7317969
17239770229218,10256352
17239772857470,8477410
17239775303069,6510557
17239777956528,9205709
17239780562445,8017155
17239783124162,2348203
17239786210162,9969713
17239788752042,3588490
17239791382813,2428508
17239794177628,9336978
17239796948589,12221118
17239801532474,9262192
17239804196138,7509580
17239806984564,10365746
17239809688567,9271966
17239812181503,7672083
17239814800967,6140877
17239817494497,8911554
17239820212016,7230023
17239822887473,4513868
17239825328628,7078496
17239827985666,5875053
17239830898488,4593822
17239833341095,2919685
17239836025165,5671129
17239838631144,4008514
17239841112608,6610314
17239843769372,5336079
17239846274255,7880181
17239848865617,2355263
17239851555848,9212070
17239858984984,8217372
17239862931839,3748955
17239867081025,3951537
17239873180342,5899283
17239879061279,28444187
17239881737729,2491994
17239887230674,16352270
17239891091735,3639350
17239895069976,24296535
17239900187554,36911830
17239905657849,5288939
17239910230584,4370116
17239914146766,3706713
17239918128645,3733580
17239920885515,2572753
17239923498318,68453776
17239926189093,71212092
17239928893255,8083951
17239931662962,39760074
17239934372576,52334430
17239937349562,6674644
17239940078117,16205369
17239942958386,2619475
17239945725085,5254467
17239948213852,3575106
17239950982461,2554619
17239953417011,5268802
17239956216479,2551395
17239961432416,2434124
17239965869379,6750233
17239968478712,5799522
17239971046124,8609891
17239973504760,6944207
17239976144931,9703803
17239978668238,8038033
17239981184703,6992851
17239983679889,5218481
17239987679758,3783565
17239990519736,3094035
17239993076702,6589104
17239995531494,5090978
17239998229706,10250036
17240000676971,4528721
17240003486403,2551551
17240006192266,5072173
17240008772733,7713530
17240011315791,7021211
17240014092214,5630664
17240016699414,4560910
17240019207357,7101752
17240022104431,6340619
17240024774984,4791484
17240027480619,2924062
17240030811368,2450854
17240033515344,5097443
17240036236005,3685182
17240039151110,2356043
17240041833891,5005956
17240044728988,4426555
17240047324718,3024498
17240052227488,7200661
17240055035787,6245779
17240057897210,5088162
17240060513752,7856361
17240063120629,6613258
17240065774047,4835796
17240068452118,7650007
17240071151718,6558150
17240074371429,6230714
17240077081561,3803759
17240079533151,6848842
17240082284207,6385080
17240085236073,4357444
17240087711464,2418882
17240090441833,9789363
17240093053485,8065688
17240096002999,5909249
17240098843455,4402630
17240101595887,7286013
17240104209016,5657275
17240107150748,8498233
17240109485618,6885528
17240112244481,5316316
17240115157733,8152229
17240117708201,6963174
17240120310437,5324844
17240122827312,8007542
17240125676964,6910351
17240128271435,4932204
17240130725686,2700029
17240135528519,2587500
17240138279110,5112948
17240140775940,3164049
17240143631525,6070477
17240148596192,6454535
17240151474493,9425793
17240154093771,7931127
17240156950501,6692211
17240159605263,9494028
17240162452981,7773845
17240165188758,6691346
17240167790817,5681191
17240172612537,8336775
17240175112553,4646369
17240177843010,5106828
17240180362207,9558962
17240186043412,9311254
17240188582318,6776627
17240191141731,9416397
17240193607024,12008984
17240196202341,5808819
17240198658913,12390816
17240201216867,6419693
17240203760367,9003208
17240206253092,7027509
17240208973303,9802664
17240211405491,4043380
17240214906595,2632429
17240217704315,5180700
17240220142310,3805484
17240222720213,6562081
17240225547393,5059103
17240228138723,7698791
17240231104149,2298603
17240233646324,4745732
17240236224109,3925703
17240239114666,2495836
17240241701280,4920919
17240244190314,2811958
17240252497285,6067439
17240259187496,9089974
17240262960619,13004379
17240265557094,2411469
17240268080987,21535695
17240270557435,7299463
17240273015474,13463062
17240275546986,16077253
17240279041879,24811398
17240281622438,4694756
17240284257204,7695605
17240286847923,6345571
17240289540311,5452407
17240291954794,8012951
17240294611937,6206319
17240297336070,4819759
17240299958147,7474074
17240302769837,6787849
17240305415344,4828418
17240307923582,7526846
17240310748861,6409415
17240313364337,4328934
17240315879894,3481175
17240318564226,2474392
17240321260012,5008791
17240323910132,3620644
17240331323145,2524693
17240339130721,7613591
17240344310080,4976834
17240346948759,14561279
17240350919192,3755049
17240354600422,22946033
17240359169632,4368245
17240364959366,20976635
17240369579042,25614729
17240372269756,30493927
17240374993967,5947755
17240377553798,8723462
17240379982573,11229137
17240382724944,19886042
17240385290467,13732521
17240387709478,7350487
17240390257942,9962274
17240393001531,8286949
17240395424060,7150132
17240398193599,5953756
17240400796325,4364434
17240403381296,2351350
17240406139716,4996202
17240408858249,4444084
17240411413583,7099486
17240414293637,5469750
17240417293846,4489389
17240419957754,7292736
17240422755151,6679196
17240425402229,5094455
17240427969954,2986056
17240430879086,2536232
17240433716384,5237734
17240436438433,4113332
17240439802553,2557980
17240442206379,4827574
17240446463848,3977594
17240448970846,2963450
17240451676406,8955533
17240454262475,3819697
17240456870892,2410857
17240459784609,9423816
17240462707617,4052484
17240465327136,6854839
17240468454507,6036441
17240471098558,3465391
17240473837026,6698958
17240476427213,4493539
17240478870681,6978114
17240485247442,9241730
17240487946032,3085335
17240490641334,5843083
17240493375759,12932331
17240495968273,15618646
17240498663297,6462630
17240501207818,9149568
17240503849641,15000112
17240506645446,6457162
17240509373873,12916888
17240512243327,6466134
17240515092113,4885132
17240517765315,7653468
17240520516117,5819643
17240523258619,4984189
17240525805962,7590851
17240528749502,6660897
17240531257263,3670221
17240535019762,2538476
17240537746130,5159211
17240540436009,3659077
17240543151328,6293139
17240545855340,4128658
17240548590369,2477094
17240552664066,6393719
17240555377113,5058326
17240558051500,7785149
17240560929967,6701676
17240563730771,5125250
17240566500869,4273855
17240569170923,7055662
17240572108399,5764765
17240575469127,4629632
17240585362599,10855850
17240588140280,13135274
17240590868463,16323673
17240593490098,5378013
17240596247321,8174301
17240599019989,16240834
17240601515865,18824359
17240604118408,5982538
17240606909966,11081600
17240609587440,19618955
17240612488163,6697424
17240615264207,4760024
17240617916790,7471694
17240620773077,6113377
17240623333015,3574559
17240626348717,6693208
17240629239519,4431263
17240631812600,3708868
17240634621490,6637262
17240637318789,4820562
17240639854095,3335015
17240642499952,6007666
17240645210543,4537017
17240647765045,3121026
17240652898114,8392867
17240655789190,6479465
17240658411599,4399575
17240660908997,7006327
17240663686606,5628073
17240666348899,3936703
17240669078725,6749335
17240671850466,5144775
17240676259025,4133160
17240679154780,12379807
17240681900625,8092152
17240684731585,7944628
17240687437555,7106137
17240690267410,10076098
17240692869709,8276982
17240695494538,5835484
17240697975131,8351373
17240700903848,6239730
17240703749460,4854759
17240706291249,7681000
17240709022249,5758358
17240713170968,5119285
17240715931281,7725374
17240718723655,6437978
17240721449905,9341936
17240724116969,7776059
17240727136836,6405648
17240729837254,9207439
17240732561867,6779786
17240735237986,6951658
17240738678584,2429200
17240741630754,5118645
17240744263452,3620754
17240747111468,6482186
17240753302498,8329007
17240756374437,7062165
17240762072552,13014933
17240764583677,10567318
17240767396765,9263904
17240769929334,11931916
17240772438139,5812185
17240775576964,8984090
17240778335645,13754199
17240780911933,6034358
17240783613338,9290301
17240786138603,8166145
17240788884366,6815865
17240791544976,4627152
17240794362202,2608620
17240797006237,10129286
17240799782800,5805244
17240802586646,8642193
17240805252579,6701805
17240808072267,5777289
17240810716820,10599475
17240813710944,7190537
17240816479716,4988111
17240819132169,3013948
17240822980971,2586219
17240825914823,5391364
17240828574103,4064858
17240831285066,6962608
17240833945238,4762240
17240836791703,2421751
17240839562222,5059512
17240841957435,3396369
17240844682092,6161956
17240847272209,4875244
17240849786677,3009283
17240852553737,2331338
17240855317548,4953783
17240857854105,3520670
17240864236232,4952727
17240866910752,2961738
17240869730005,10326471
17240872482750,4184005
17240875114009,6892412
17240877777682,5613687
17240880500685,8538307
17240883149707,6653210
17240885821302,5740522
17240888251197,4047465
17240891246718,2602110
17240893886960,5095061
17240896379452,3814902
17240900253635,2478972
17240902662471,2743369
17240905979571,8093424
17240908774653,3779742
17240911534615,6721533
17240914393333,5334558
17240916976281,7979775
17240919751155,5693079
17240922568134,8614922
17240925149381,7298580
17240927866250,5789968
17240930754626,8710868
17240933496346,7218511
17240936447554,6111373
17240939129803,4516571
17240941582139,2829271
17240944387718,5676138
17240947283742,4795118
17240949956066,3763053
17240955487526,9338497
17240958960332,3148272
17240961465886,10919552
17240964164512,5541215
17240966930851,8284084
17240969356960,13531597
17240971978262,5684676
17240974439171,8324327
17240976989709,14412552
17240979563006,5377010
17240986878618,16347353
17240991592215,9336022
17240994180686,3639698
17240996956254,6488865
17240999802380,12556932
17241002493378,15329148
17241005197833,6480885
17241008541058,9967662
17241011269953,16681734
17241013911353,7940081
17241016657444,14519092
17241019460416,9045630
17241022152678,7920977
17241024962073,6411587
17241027737882,9228524
17241030657090,7845490
17241033292784,6913830
17241036151877,5886668
17241038826724,8624706
17241041557457,6002738
17241044425969,4581938
17241047108450,2964126
17241049819874,5709867
17241052234083,3685087
17241055146908,2602210
17241057777489,5124274
17241060428196,4019145
17241063045634,2411027
17241065766908,4925256
17241074761543,13972023
17241077591269,2595880
17241081916624,17671659
17241084470146,2362985
17241087167606,9620457
17241089727916,12214510
17241092286111,14844986
17241095109167,26904775
17241097857298,13670027
17241100587459,5140772
17241103175206,2932722
17241106591056,2538693
17241109130464,4958895
17241111959065,2612766
17241114636674,5170896
17241118460877,2614478
17241121448801,5468325
17241124009121,3839748
17241126720493,6607972
17241130351928,10292982
17241133107524,8724392
17241135807888,7620294
17241138565420,10479592
17241142092135,5583747
17241144778537,4408116
17241147346550,7042126
17241149923092,5946450
17241152644774,4334365
17241155099704,2972881
17241157871603,5841909
17241160364659,4072750
17241163087169,6832949
17241165699660,4705143
17241168426017,7522850
17241171159150,5890583
17241173703648,3676800
17241176644657,6630115
17241179133292,3956588
17241181838589,6761582
17241184365899,3902515
17241186965299,6532219
17241189584318,4915584
17241192169084,3559257
17241195177954,2375481
17241197926070,5002577
17241200779344,3810910
17241203461796,3076282
17241206281533,6080009
17241209248938,4963574
17241211849259,3057163
17241214371818,5722188
17241216936707,8333161
17241219437872,7304906
17241222017732,5644755
17241224566413,4291481
17241227162284,6916290
17241229775237,5629936
17241232397857,4372218
17241234903386,6917145
17241237564099,5273203
17241240217871,4120637
17241242960206,2804239
17241245585452,5081301
17241248155551,2979629
17241252735424,2495054
17241255274377,4983524
17241257999717,2364128
17241263399333,2439893
17241265984258,4920547
17241268465834,7433538
17241271139109,10158645
17241274028874,9608419
17241276587489,12477104
17241279247778,7081140
17241281781271,12914227
17241284457532,8359047
17241287019290,6734160
17241289623846,5429861
17241291999503,3927058
17241295536795,2474383
17241298032583,4915768
17241300698646,4460807
17241303027281,2416498
17241307501250,2384052
17241310283604,5175559
17241313012944,4670637
17241315494795,7245126
17241318388288,10180909
17241321019199,8715065
17241323362590,6499965
17241326100610,9245056
17241328757082,8426056
17241331072079,6139877
17241333628242,5246071
17241336401542,7863601
17241339073622,6871103
17241341730631,5295124
17241344725417,3943463
17241347390970,2866354
17241350128108,5702211
17241352753935,4819216
17241355473269,2495168
17241360658959,2613171
17241363562895,5398139
17241366201351,3945853
17241368972383,6763249
17241371768729,9661340
17241374406789,7523037
17241377190025,10583973
17241379783420,9218222
17241382516779,7653524
17241385105563,10350557
17241387521694,7053962
17241390132848,5765733
17241392865499,4415402
17241395269578,3109898
17241399145746,2402570
17241401947336,5049397
17241404537562,4286248
17241407459725,2530110
17241410363392,5138655
17241412727188,2582900
17241415563127,5372994
17241418093653,3398183
17241420826333,6335177
17241423556601,4935845
17241426050189,7490833
17241428878005,6435936
17241431510715,5068886
17241434392946,7980648
17241436861019,4055183
17241440276007,2577184
17241442996239,5047632
17241445538829,7726244
17241448718143,2635286
17241451598855,5240006
17241454457986,4121124
17241457062925,2761921
17241459866767,5524050
17241462653783,4624457
17241465246731,2770271
17241467824180,5415217
17241470248122,8025957
17241473032627,6258175
17241475465530,4637190
17241478531396,2495172
17241481382554,5207321
17241484023888,3961669
17241486728455,6866122
17241489483955,4903997
17241491971747,7575846
17241494681540,6491449
17241497295304,4840284
17241499683479,3409166
17241502724442,2490058
17241505648251,5143159
17241508190927,3989298
17241511296979,2642870
17241514078045,5227730
17241516764013,4123544
17241519339150,6816873
17241521964703,5546982
17241524666706,8419356
17241527201653,7158297
17241530068939,5648998
17241532682913,8401423
17241535582647,2577138
17241538482410,10420223
17241541176401,4788650
17241543879814,7635365
17241546876580,4757790
17241549362788,3235745
17241552162526,6052673
17241554960179,4914956
17241557647028,3511845
17241560433892,6423371
17241563185241,5109372
17241565785499,3157865
17241568681836,6163153
17241571351109,4714892
17241573811815,7385379
17241576848679,6556215
17241583732373,9006816
17241587234682,12680036
17241592225343,4783513
17241601283006,8822499
17241604034289,20442992
17241606601876,25845193
17241609257619,31230700
17241611876503,7810022
17241618786275,17529424
17241622968386,24342316
17241627005134,3826210
17241632833731,5597839
17241635569574,16805165
17241638119286,25112695
17241640698916,32894575
17241643214438,7323885
17241646554889,15645853
17241649262674,21930480
17241651693631,7721053
17241654209956,13804769
17241656669294,8462234
17241662466065,2389921
17241665034336,4766952
17241667623920,7418293
17241670447231,6149067
17241672955730,4886160
17241675342446,7433978
17241678024570,5974323
17241680545954,4189606
17241683133794,6818746
17241685769613,4910408
17241688350749,3916056
17241690937067,6645757
17241693438542,4490629
17241696492348,2381610
17241699115131,4838106
17241701602955,3584225
17241704205580,6293470
17241706731894,4503113
17241709292885,7097110
17241711744230,3677628
17241714853154,2371621
17241717480335,4906394
17241719934837,3615761
17241722656367,2456059
17241727417271,2499239
17241729838799,4751067
17241732539341,2480502
17241735193589,4960746
17241737694834,7494692
17241740328964,5822500
17241742843547,8391127
17241745579397,2497978
17241748216152,9597095
17241750757532,7569571
17241753534119,5612609
17241756334051,4295505
17241758665176,2663895
17241763582177,2586567
17241766179364,5078527
17241768828575,4596530
17241771308914,7156126
17241774049261,5694397
17241776796311,4009073
17241779260794,6641907
17241781842542,9277896
17241784525702,8266644
17241787103250,7130491
17241789839560,5127548
17241792657658,3593005
17241795414128,6418718
17241798164520,6040522
17241800722365,8784990
17241803321122,6636629
17241805815790,5778820
17241808320506,3264501
17241811071897,2414050
17241813681444,5035024
17241816597361,4072953
17241818980098,2804036
17241823147404,2451275
17241825953326,5104596
17241828776330,4513599
17241831328457,7122753
17241834100531,10100551
17241836697914,8551215
17241839351316,6580736
17241842026373,9246564
17241844915365,8561348
17241847473169,6963203
17241850075330,5504872
17241852751778,8172379
17241855326350,7075144
17241857972234,5498826
17241860276425,3257903
17241864510300,2429630
17241867323913,5097174
17241870122717,3719919
17241872776800,6587411
17241875716565,5433994
17241878403865,3694623
17241881042818,6343083
17241883706216,9097590
17241886238291,8155150
17241888686085,6524647
17241891408964,4830890
17241894064284,3672227
17241896541083,6307347
17241899372889,4963300
17241901879485,2861854
17241904789562,5730662
17241907477164,4908070
17241909905782,3609692
17241912849154,2340892
17241915485849,4990293
17241917904728,3572316
17241920823374,2567940
17241923414589,5142669
17241925884580,2808882
17241931041170,2761607
17241933936165,5594939
17241937308510,8919676
17241939923792,7142554
17241942665078,10214781
17241945698954,9428924
17241948602423,7650909
17241951196490,6821077
17241953536453,9439547
17241956393856,2357068
17241965861212,5213551
17241969140850,8417116
17241971901105,5793595
17241974628730,10392938
17241977221318,6653061
17241979786051,9258619
17241982336596,7843623
17241984800184,10455959
17241988360967,10199113
17241991037292,3886062
17241993655997,7380627
17241996538256,5969024
17241999290438,8765979
17242001780502,7002338
17242004663895,2497639
17242007341728,8114527
17242010051140,10888288
17242012530705,4640459
17242015107387,2934700
17242018636855,2478535
17242021224809,5045805
17242023944797,3175152
17242026791381,6069374
17242029568722,4936733
17242032397858,3904639
17242035230655,6726648
17242037887230,9504306
17242040820127,8096606
17242044287250,7391589
17242047049539,6661520
17242049922517,4913142
17242052385419,3732119
17242054920973,6440316
17242057695293,4983264
17242060287880,3599160
17242063049880,2365418
17242066884408,2488512
17242070566564,2396132
17242079063110,6228986
17242082261754,9207734
17242084784114,8284038
17242087571008,11177822
17242090312494,9561980
17242092922162,7738145
17242095590184,10511075
17242098170258,8209058
17242100667267,6639156
17242103828815,5875159
17242106737750,3541275
17242109203546,2885255
17242115150894,8859845
17242120740438,5367811
17242124733403,18578001
17242127564110,6833919
17242130130300,19241101
17242133112855,6674682
17242135819898,13828035
17242138660303,7892525
17242141179943,7045381
17242143961499,5602111
17242146718895,4720714
17242149152431,2789955
17242153313358,2353411
17242158454603,7366907
17242160894077,2946117
17242163573683,9384379
17242166409617,3858224
17242169100684,2887245
17242171946271,5894040
17242174695425,4507857
17242177343767,2784591
17242181091994,2418887
17242183710936,4924615
17242186300642,4162678
17242188779355,2763461
17242192705664,2398825
17242195319763,4882227
17242197947674,3587899
17242200648995,6345374
17242203308037,3699199
17242205835899,6413312
17242208271101,4080446
17242210990956,6952233
17242213548216,4896112
17242216083754,7487579
17242222912311,2512545
17242225437547,4864963
17242228043780,7506765
17242230649451,6411662
17242233353287,4528434
17242235963565,7136791
17242238693917,6691387
17242241134913,4520825
17242243737822,7152412
17242246550268,10035136
17242250710539,2663700
17242253368938,5205954
17242255860962,3317714
17242258575664,2404619
17242263315600,2439685
17242265880163,4817744
17242268569066,7557728
17242271038312,3032901
17242277493782,5059393
17242280450072,3933268
17242283235598,9754919
17242286034452,5621764
17242288882393,8549635
17242291503405,7610054
17242294404740,5847664
17242296791782,4676494
17242299915321,8025398
17242302790624,3936881
17242305313464,7179092
17242307963499,5514821
17242310621736,8210973
17242313290135,6876686
17242316223074,5877449
17242318860162,4453682
17242324939568,2553260
17242329063095,2603384
17242331875347,5245203
17242334461229,7767728
17242337126079,2364684
17242339680843,8989332
17242342223675,11474962
17242344977755,5639305
17242347650391,8415089
17242353254465,5064496
17242356595146,2458739
17242360959425,2539898
17242363759654,5087451
17242366492412,7853468
17242369277871,5678737
17242371931390,2882837
17242375430030,6375387
17242378201766,9001321
17242380896930,2976996
17242383625948,9638059
17242386212632,12374732
17242388825847,6696656
17242391353694,5285008
17242394987807,2374675
17242400587758,2621812
17242403266801,5020809
17242406074377,7977587
17242408891661,7952557
17242411724914,6387156
17242414272908,4154227
17242417041512,6984093
17242419825251,4601520
17242422343294,7160087
17242425121266,6259610
17242427705921,3773382
17242430697805,2715380
17242433440366,5455423
17242436096325,2963185
17242439034588,5860611
17242441904378,5517537
17242444571135,8238295
17242448208418,2462611
17242453006385,2560343
17242455878541,5227107
17242458583874,4502930
17242461120214,3078818
17242465166199,2455997
17242471781599,5359397
17242474330983,7687876
17242477079524,10512499
17242480044748,8290902
17242482672484,7971079
17242485497875,10707326
17242488289409,9002433
17242490861673,6664687
17242497815473,13719139
17242500728109,7535600
17242503390306,3005998
17242506349776,6005439
17242509166364,4176724
17242511809111,6886768
17242514487411,9629080
17242517169857,8680789
17242519794599,11459108
17242522540804,5773312
17242525154838,12868767
17242527932927,7590952
17242530519030,5571005
17242533342245,4555776
17242535941408,3761673
17242539032015,2537820
17242541845258,5206359
17242544641844,3898330
17242547280600,3155509
17242550732103,2427268
17242555410891,2500540
17242561415887,8370363
17242563987034,3206162
17242566754385,10509580
17242569635487,5343827
17242572277738,4138886
17242576249441,8243540
17242579062394,5682320
17242581771056,8576619
17242585161084,7191304
17242588126282,3668746
17242590718672,2623525
17242593615382,9680570
17242596195927,8303442
17242598694357,6631772
17242601226585,9289606
17242603837310,3095130
17242606988554,2553155
17242611577022,2634542
17242614254285,5111070
17242616941132,3554520
17242619817451,6385511
17242622544734,4452740
17242631346488,13390489
17242633953897,5190051
17242636557526,7814895
17242639278456,17008236
17242641966214,5662083
17242644828382,12045637
17242647487827,6812631
17242650153375,5668585
17242652754917,8343609
17242656838577,2588706
17242660641186,6206308
17242663324140,4899354
17242665864678,3612856
17242669182006,2508876
17242671902596,5077831
17242674543893,4395958
17242680857641,2389711
17242685149913,2650433
17242692353404,9487487
17242696299251,13478324
17242698841590,16059323
17242701333993,7086668
17242704112096,11787102
17242706790919,14512370
17242709385294,21059434
17242712019792,8045945
17242720768107,2334040
17242723560159,4981308
17242726283174,3694027
17242729048213,6450531
17242733626534,6854467
17242736273471,9615983
17242738875177,12274881
17242741365733,7067419
17242743897823,12726178
17242746643541,16210858
17242749209464,4977653
17242751701707,7515439
17242754501086,6377768
17242762813552,2668542
17242765369607,5015849
17242767979872,7669141
17242770940857,2539280
17242773676153,5146130
17242776321043,4044897
17242779369863,2634056
17242783850585,6939770
17242788505907,2474187
17242791207019,5034192
17242793713571,3399611
17242796540135,6339326
17242799135429,4299254
17242801644424,6819648
17242804933380,6310366
17242807539861,4620192
17242810136710,7415736
17242812760272,4856394
17242815267150,2888473
17242818624508,2228446
17242824000748,2530501
17242828830715,2578488
17242832890906,2548287
17242835541755,4992987
17242838236766,7745585
17242840711429,5866031
17242843150735,8393227
17242845681793,10975750
17242849573638,11621295
17242852214624,4094471
17242854859386,2446874
17242857354677,5210668
17242862937777,2457906
17242865586840,5013336
17242868212157,2953576
17242871471659,6468233
17242874234045,3555932
17242876790644,6774061
17242879400464,5251549
17242881928701,7830173
17242884476503,6522136
17242887151289,4925842
17242889713754,3367953
17242892334065,6179533
17242895052126,3999885
17242898697711,2558434
17242901635770,5189672
17242904309191,3700595
17242906813959,6258562
17242909357717,5141000
17242911794310,7734250
17242914528660,5726090
17242917076530,4714448
17242919533148,3188771
17242923761564,2507913
17242928970074,2434584
17242935773364,2699530
17242938267754,5064880
17242941134252,7999720
17242944089759,5119821
17242948256299,7947313
17242950844705,12120398
17242953349939,14751952
17242956121765,5664224
17242958994263,13005692
17242961589013,19127140
17242964217306,6023659
17242967097883,12704854
17242969502058,6978398
17242972209839,5296418
17242974700826,3409793
17242978540633,2431850
17242981163345,4880036
17242983624187,3627574
17242986518991,2383622
17242989335417,5006141
17242991814883,3736928
17242994570343,6187874
17242997102337,4911474
17242999567317,2631152
17243002784820,2375891
17243005287797,4970110
17243007842795,3330279
17243011360838,2301599
17243014190254,4919968
17243016764852,3637884
17243019417052,6509096
17243021809380,4608701
17243024734415,2541341
17243027503914,10235985
17243029948089,3611158
17243032567137,2411712
17243035259061,4941706
17243037829571,3440119
17243040447686,2350917
17243044663058,2365783
17243048821656,2588857
17243051646451,5363367
17243054546076,3893798
17243057189832,6574960
17243059886486,9414828
17243062387983,8162748
17243065196503,10893902
17243067926068,9469028
17243070631903,7815052
17243073189697,6942810
17243075711532,5261812
17243080014151,2633355
17243084633741,2476657
17243087472504,5105445
17243089958423,3519643
17243092563111,6369971
17243095429727,9213814
17243097980501,7278061
17243100502152,9977971
17243103305951,8587077
17243105847611,11356215
17243108602786,6124194
17243111197870,4494348
17243113766638,7123805
17243119239088,2411945
17243123120298,2641533
17243125981369,5142912
17243128767032,8079495
17243131591569,6756334
17243134466982,9689146
17243137088897,8508162
17243139798041,11454278
17243142529867,9944179
17243145214541,12698322
17243147799992,5735706
17243150272201,12501178
17243153035333,6613953
17243155696200,5557590
17243158255197,3752596
17243160687109,2536678
17243165386658,2470587
17243168112229,5179442
17243170894944,4681175
17243173577635,7346939
17243176312023,6113423
17243179227011,4661594
17243181650233,7249580
17243184430339,5994047
17243187048606,8730780
17243189620373,6453260
17243192050985,4239295
17243194749033,2667453
17243197332741,5404881
17243199755768,3791142
17243203625870,2384724
17243206484137,5003567
17243209088743,4690949
17243211417802,7242531
17243214215930,5774529
17243217036005,4261162
17243219687519,3356273
17243222271269,6103778
17243225026243,4903759
17243227673320,3037718
17243230720170,2504363
17243233543318,5144777
17243236139753,3704023
17243240447752,2649715
17243243249916,5128625
17243245999126,7996424
17243248707594,5290671
17243251452683,8106721
17243254154352,8088998
17243257012521,6764082
17243259605028,7563905
17243262481117,6041342
17243265272127,4856884
17243267861124,3595946
17243271719878,2560476
17243274483355,5317861
17243277255175,3225109
17243281824026,6208511
17243284818123,5840450
17243287630976,9039402
17243290366670,5664212
17243293100858,6640695
17243295769219,9437813
17243298689306,13534841
17243301406187,9127338
17243303855955,7468160
17243306593685,6252332
17243309071830,4902869
17243312834164,2393892
17243317692508,2696951
17243320204536,5141811
17243323015307,7943319
17243325844491,7374637
17243328547312,5841121
17243331285689,8677532
17243334171244,11394220
17243336925224,6664501
17243339500000,12934884
17243342438609,7982891
17243345147884,2710726
17243347926740,5364613
17243350646596,4503429
17243353344744,3045305
17243356597594,2546273
17243359369273,5177531
17243361932000,3346298
17243366681543,2889278
17243369376960,3267445
17243372078955,6151992
17243375076818,11091590
17243377705911,13899047
17243380594033,5840617
17243383355087,13273951
17243385821669,7616843
17243389088447,2587114
17243392085465,5306780
17243394914329,4219476
17243397648581,7143469
17243400292882,5963747
17243403285763,4329805
17243406098640,3595101
17243408645152,6384380
17243411588722,5504134
17243414145632,3393888
17243417041985,6461715
17243419678938,4940030
17243422652955,7965797
17243425332691,2797645
17243428004865,5738869
17243430951704,4811570
17243433669410,3432585
17243436218617,6162137
17243439201910,9047025
17243441943847,3600570
17243444692845,6558174
17243447656183,4936635
17243450466077,3474100
17243453072279,6219646
17243455950419,9144364
17243458800339,8514220
17243461509171,7127202
17243464130119,5893430
17243467003004,4477366
17243469711205,3509850
17243472499418,6465361
17243475079787,2933231
17243479539979,2528728
17243482323970,5256270
17243485149937,3788793
17243488110355,6887772
17243490744597,4684653
17243493408884,7342453
17243496022474,5735122
17243498595656,8346157
17243501165887,6405998
17243503790974,3931507
17243506826276,2563786
17243509438197,5129617
17243512215612,3854483
17243514883195,6527933
17243517439295,5382424
17243520281037,4092521
17243522885887,2588075
17243527556917,2679300
17243530259000,5180803
17243532781172,7903394
17243535610485,6699198
17243538366917,9562463
17243541188156,4793401
17243543872412,7541918
17243546639144,6461611
17243549419613,4810584
17243552078429,7635881
17243554717761,6302383
17243557500180,5542525
17243560012406,3709090
17243563262436,2403590
17243566084515,5234147
17243569092010,4758728
17243571692780,7558367
17243574453188,5762265
17243577029479,8548400
17243579857016,5469835
17243582660613,4301451
17243585369005,2888906
17243588774316,2401900
17243591634696,4942261
17243594359881,7789823
17243597244786,6495397
17243600038579,5708082
17243602959964,4257997
17243605607841,2826956
17243608391377,5746892
17243611087270,8622639
17243613831417,7279095
17243616520440,6241784
17243619225474,9189866
17243621909199,3990386
17243625010296,2470086
17243627783103,5145729
17243630559696,3883666
17243633263931,2776266
17243636126596,5707683
17243639113825,4681205
17243641706765,7492226
17243644410188,5599879
17243651155422,12353690
17243663569841,21214948
17243666706668,5800462
17243671175009,4286732
17243679103348,18250145
17243681687961,20882398
17243686312440,34962936
17243691046367,4536895
17243695065993,22782073
17243699029602,27563295
17243707158998,40056580
17243709939353,2591339
17243715016424,47993513
17243718945203,3751980
17243723047911,13119056
17243730037209,27900167
17243735103128,33121379
17243741817520,49251341
17243744547745,56582282
17243750606209,12571365
17243753249012,2454435
17243756286798,25822922
17243758923860,28527750
17243761610598,35648667
17243764194121,8026962
17243766997446,2592621
17243769660235,13536387
17243772315238,27787062
17243775166545,10612167
17243777794852,3798075
17243780541662,6654605
17243783326805,4761208
17243786106548,3967219
17243788737238,2687476
17243794043691,2657350
17243796983276,5435693
17243799649639,2824347
17243802534941,5908002
17243805158669,4663119
17243807998821,7596629
17243810574855,10217174
17243813192465,5227196
17243815914954,8093108
17243818577200,12784663
17243821201885,7072540
17243823958734,5453626
17243826765211,4574453
17243829448719,3200522
17243835164963,2655041
17243838016590,5335993
17243840923825,4476391
17243843597475,7294880
17243846330863,5639464
17243849173675,8604476
17243851814568,11275146
17243854509311,5570217
17243857148045,8387084
17243859716695,15008865
17243862440818,5631636
17243865210182,4458327
17243867746258,3641883
17243870778234,2574633
17243873698478,5257394
17243876342682,3550093
17243879713530,2590349
17243882716379,5306116
17243885459626,3238168
17243892484582,10514841
17243898583646,5818926
17243902317672,3538728
17243906762778,4231133
17243911107064,4144460
17243915127456,33179964
17243917897642,10782534
17243920663205,27740857
17243923289526,37253855
17243926176739,5625879
17243928927830,17523774
17243931610840,7316464
17243934423236,10182204
17243937708053,9501211
17243940476787,7892030
17243943272045,7135868
17243946046175,5766523
17243948686151,3761780
17243951878733,2784931
17243954679454,5259358
17243957315457,3506666
17243960396905,2443527
17243964982114,2628189
17243967860993,5072217
17243970548270,4029186
17243973226197,2470321
17243975859729,9519165
17243978434237,7939629
17243982985494,2569380
17243985745831,5124162
17243988417640,3884784
17243992182277,7787777
17243998801096,9978043
17244002963574,9991496
17244007189029,14305339
17244015088903,7718194
17244019545330,4279086
17244023114045,3371725
17244027196158,3718453
17244031112310,3715618
17244034246744,33673067
17244037071703,13171941
17244039875915,16067890
17244042537663,34413914
17244045241572,37750739
17244047974044,10057463
17244050661145,16073507
17244053316783,6483796
17244056342745,6349235
17244059004871,4806438
17244061588433,3384856
17244066870623,2515980
17244070571132,2593727
17244073407949,5286672
17244076101275,3861933
17244081326689,9239435
17244083978073,3454487
17244086697532,6287690
17244089249709,8893459
17244092098946,15443468
17244094793715,4814117
17244097542078,7615569
17244100184499,4099129
17244104529323,2742989
17244107181872,2697830
17244109955309,5487910
17244112668057,8417214
17244115237182,7245499
17244117968480,5558245
17244120758786,4563737
17244123335608,3082145
17244126086665,6049927
17244128696210,3009998
17244131457402,5850855
17244133992337,3592654
17244137209085,2639463
17244141966830,2468572
17244147607320,3614967
17244150401441,6221946
17244153097377,8960580
17244155660364,7245245
17244158544709,10249672
17244161993653,5376970
17244164676655,8197024
17244167199353,2626376
17244170876129,2516799
17244175935597,2549223
17244178757293,5228480
17244181414988,3407024
17244184175993,6300036
17244187383576,5207621
17244190034601,3311982
17244192781084,6097601
17244195563648,8936529
17244198272222,12026183
17244200813681,8371961
17244203547964,6552717
17244206280367,4389934
17244208782746,3048555
17244212670418,2462763
17244215285218,4918840
17244217983053,3180467
17244220596682,5972741
17244223234979,4753386
17244226166191,2615048
17244229050552,5385309
17244231696988,3447534
17244234370190,6301679
17244237112124,9190177
17244239781935,7191102
17244242368562,5557741
17244245043401,8262720
17244248205491,2538147
17244250927836,2518733
17244253545848,7723173
17244258925887,2644269
17244261821550,5407456
17244264426162,8069763
17244267584774,2572044
17244270344640,5155990
17244272947235,7810743
17244275831944,6165913
17244278643404,4158523
17244281162533,6900026
17244284021764,6066526
17244286630594,4328185
17244293065183,2493653
17244297268253,2558346
17244301506250,6637446
17244304217454,5028689
17244306946334,7916732
17244309544100,7562013
17244312080543,10160008
17244314757302,8178675
17244317487700,11249114
17244320332861,5423619
17244323175497,4565143
17244325869091,2886875
17244328426211,5635631
17244333138362,2540843
17244337114838,2512070
17244341831006,2636521
17244344983483,5501550
17244347888747,8459009
17244350539771,8215128
17244353421098,6386077
17244356058741,9225801
17244358601791,7428412
17244361516504,5545881
17244364020165,3559438
17244370489250,2499552
17244375465498,2662813
17244378267087,5305508
17244380867224,3468807
17244384599783,2655210
17244387659099,5509326
17244390481133,8370130
17244393170721,6757453
17244396033764,9770546
17244398699218,8495671
17244401342552,6693697
17244403993411,9392708
17244406650384,7367493
17244410951291,2601513
17244413558538,5210481
17244416214692,3606532
17244419042273,6243954
17244421914676,5268783
17244424494584,4029776
17244427085616,6741528
17244429959011,9566224
17244432479979,4122050
17244435639354,2538062
17244440324700,2451992
17244445614528,2741820
17244448519443,5277535
17244451196594,7983882
17244453772279,10725797
17244456911428,10247109
17244459503552,12952335
17244462388098,6091163
17244464933481,4696800
17244470832975,2436133
17244474968642,2424206
17244479194313,2717457
17244483097292,6456034
17244486029589,9336150
17244488695576,7939134
17244491071229,6051063
17244493686547,8627079
17244496420602,11477779
17244498986303,3930598
17244502223522,2415830
17244511661911,2492754
17244518623692,7110413
17244521367032,2548660
17244526922224,14757853
17244531131122,4002281
17244534864060,23180270
17244539082368,4030340
17244543139542,31497363
17244551055997,15879421
17244556542182,5310704
17244559406374,2647439
17244563133580,41764533
17244567174418,45898099
17244575162800,14850260
17244577916599,25129100
17244583193531,42657484
17244587181632,7416521
17244595061129,11025032
17244598014466,2740334
17244602831521,18897909
17244607152483,9157829
17244611124896,2999785
17244613697640,15770394
17244616317022,18453799
17244618966472,31153132
17244621536601,7474656
17244624226938,14055549
17244628630085,2597201
17244631421586,5245113
17244633983568,4122063
17244637365691,2489780
17244641243963,2432769
17244645409286,2575052
17244648935628,5926182
17244651562677,4043239
17244654227808,7097813
17244658898963,2582184
17244661570558,5091556
17244664295508,7846362
17244666965589,6947649
17244669902777,5674836
17244672349876,4145320
17244676461241,2475501
17244686409511,3797116
17244691161788,4546322
17244695161308,3828938
17244698575911,3180982
17244705658527,20893359
17244711110998,12693882
17244715633705,24077433
17244718375895,2532878
17244723127465,31667743
17244727191831,40447760
17244735238668,7854205
17244741051837,21353380
17244743824908,2570543
17244747197991,44714769
17244755197222,7816419
17244757910262,21102711
17244763281196,33184946
17244769309581,5840398
17244774676175,46711829
17244781302316,6440988
17244783954820,56044152
17244786951376,10131422
17244791098178,14319706
17244797100630,30493449
17244799781029,36138872
17244802484250,38895206
17244805137761,16978443
17244809439085,3656661
17244812171649,2990207
17244814855306,8940221
17244817629746,7556702
17244820353662,4086906
17244823045004,2498940
17244829454853,9156435
17244839111263,9437211
17244841782721,17345814
17244844712995,8382214
17244847508362,11218790
17244850172976,7060819
17244852783509,9705021
17244855273068,12336175
17244857861570,11395283
17244867572703,2688292
17244871196064,6119287
17244873963766,8921240
17244876793307,8267852
17244879466104,11026368
17244882162884,5928492
17244884803569,12091803
17244893352421,2739242
17244896103542,5082676
17244898703915,7710685
17244901374295,10433662
17244904184287,13333136
17244906849452,8820130
17244909317437,14771249
17244911791685,5502282
17244914288936,12285018
17244922921779,2563337
17244926475535,5935618
17244929374402,8893028
17244932051527,7656485
17244934810995,10499518
17244937634949,8901745
17244940302618,11753874
17244942955682,6466853
17244945699392,9356232
17244948450623,16124168
17244951258676,5264820
17244954025974,3900849
17244957509922,2543978
17244961516779,2788532
17244964292792,5431766
17244967162994,4664106
17244969652260,7430629
17244972321728,6375714
17244975018265,3956207
17244977683173,6691006
17244980330462,5944465
17244983153193,4759273
17244985762488,2910999
17244988397858,5783760
17244991046942,4549514
17244994615026,2498409
17244999145417,2617562
17245001795934,5220967
17245004506432,7885429
17245007324883,6235288
17245010192008,4002249
17245012885821,2729680
17245015518550,5306993
17245018281208,7993699
17245020743368,6595353
17245024990661,2612833
17245027934630,5435798
17245030750271,3895323
17245033289636,6752250
17245036298301,5382722
17245038889592,8119579
17245041810690,6498291
17245044704832,4618290
17245047269669,3115135
17245050182720,6096085
17245053094695,4179329
17245063342557,3471820
17245063474170,11128013
17245066902322,3688441
17245069625019,6460298
17245072436148,5737726
17245075280643,8741302
17245077940829,7712124
17245080596733,10465227
17245083389735,8769878
17245086101463,11548568
17245088927611,6746432
17245091614729,5168970
17245094291828,3105495
17245098653100,2585532
17245101161082,4987026
17245106929047,2631714
17245109740235,5270983
17245112319050,7904570
17245115122066,6291368
17245117796666,8999884
17245120446719,7598261
17245123099362,10277383
17245125856681,5492653
17245128462820,7734931
17245130995498,6002039
17245134819348,2472966
17245138911707,2573505
17245141727483,5272283
17245144518378,3992530
17245147207444,6698151
17245150034479,5748274
17245152691977,8579191
17245155252179,6664029
17245157929197,9420848
17245160705364,4521213
17245163276084,2990491
17245165953069,5702471
17245168591954,2825022
17245173834091,2460052
17245179034034,2630201
17245181920050,5155055
17245184408680,7828567
17245187213005,10661862
17245190113465,9967208
17245192669597,7872875
17245195553900,10667803
17245198380687,10169422
17245200849860,7673432
17245203539087,5762638
17245206011644,3918548
17245208784045,2433031
17245213799294,2557040
17245219069785,2598648
17245221897129,5159701
17245224687902,7995431
17245227345002,6927646
17245230149491,9765583
17245232891843,8875846
17245235465733,6521169
17245238296325,5395755
17245240824853,8165593
17245243484153,5438612
17245249546960,2497583
17245252250753,5071951
17245254908300,3581884
17245257723528,6469285
17245267197364,8374865
17245267354337,2616555
17245271114775,14970528
17245278402439,22258877
17245280977655,2362349
17245283490531,15292927
17245286206829,26156383
17245288806444,16769421
17245291482794,7530030
17245294011249,4800947
17245296653460,7465947
17245299228590,10105217
17245301766054,3981535
17245304884510,2491718
17245307413258,4905072
17245309955636,3530700
17245313017464,2293393
17245317256588,2433819
17245319941485,5008400
17245322553559,4181265
17245325113149,3056718
17245329413558,2522429
17245332135470,5139956
17245334721350,4061101
17245337318533,6803826
17245340085375,5990667
17245342632907,3886081
17245345452922,6733791
17245348061642,4934998
17245350596074,2329794
17245356128033,2570223
17245358922039,5236531
17245361493363,3736286
17245364563855,2439070
17245369230451,2694200
17245371935204,5136970
17245374770671,8002323
17245377462923,10772644
17245380227416,5999299
17245382886948,12331344
17245385601662,6559110
17245388457074,4708170
17245391262320,3110274
17245393876872,5892770
17245396443772,4362465
17245399344447,2522009
17245402471869,2434914
17245406990922,2602589
17245409663911,4937474
17245412188109,7546603
17245414965272,5682935
17245417566030,3648515
17245420492799,6378495
17245423150259,5005345
17245425663297,7598830
17245428539168,6314179
17245431279639,4832727
17245433911439,3846605
17245436892824,2580395
17245439682230,5220149
17245442096667,3466194
17245445881163,2647710
17245448792466,5333823
17245451391196,3322713
17245454117590,6090698
17245457006908,4790237
17245459629074,2704836
17245462071112,5319290
17245465616586,2511443
17245470676509,2459354
17245473218290,4985534
17245475935593,3035422
17245478753283,5913580
17245481427150,5152881
17245484286305,8176859
17245486993003,6674560
17245489708236,5460475
17245492517058,8422842
17245495283997,5106253
17245497915637,3727620
17245501009381,2507021
17245504888967,2557601
17245507709993,5271759
17245510313675,3799773
17245513161814,6565791
17245516056997,5344514
17245518773345,3924035
17245521595743,6899332
17245524310387,4901671
17245526946584,2628604
17245530721118,2398250
17245535112570,2668399
17245537716870,5252051
17245540497830,8061541
17245543186467,7076928
17245546143494,5588763
17245549005367,4796170
17245551585404,7490700
17245554301472,5709111
17245556983888,4441404
17245559748260,3271208
17245562405094,6088263
17245564865597,4286394
17245567471997,2400324
17245572751213,2359060
17245575481981,4968435
17245578056417,3245568
17245580891954,6144616
17245583680092,5123569
17245586309757,7883693
17245589124495,6081746
17245591473482,3430437
17245594095745,6086312
17245598603606,2301082
17245603307867,2557081
17245606140724,5196445
17245609050156,8177106
17245611606704,7521509
17245614427574,5608406
17245617003308,8346208
17245619399117,10915413
17245622047287,9589768
17245624639244,4013796
17245627416088,2557127
17245629939314,4897195
17245634706772,2344704
17245638794212,2236723
17245644087658,2611002
17245646696135,4931282
17245649092735,7449091
17245651851438,10172782
17245654392269,7785491
17245656932186,6538016
17245659497688,9182467
17245662074473,7323825
17245664580990,6470417
17245669180919,2432399
17245671841854,5041565
17245674346708,3743347
17245676754704,2377316
17245680825400,2379284
17245684576819,2380185
17245687132743,4721182
17245689569467,7211086
17245692336852,5194210
17245694746023,2917527
17245698820523,2378193
17245701418087,4790904
17245704004065,7431004
17245706695828,6675932
17245709512701,4902916
17245711948519,3307581
17245714979164,2401396
17245718467909,2589609
17245721267451,5127484
17245723734042,3148704
17245726950277,2553403
17245729722628,5222568
17245732367920,3781873
17245735140956,6694471
17245738078956,5076081
17245740794559,3939999
17245743776372,2415832
17245749153706,2437001
17245752031933,5198963
17245754832680,3856367
17245757404024,6640445
17245760298605,6193045
17245763332992,4894296
17245766097871,7734403
17245768790986,6195985
17245771608826,9078135
17245774281941,8436468
17245776936716,4334640
17245780194528,2533020
17245783046622,5240408
17245785619026,3351076
17245789514574,2501474
17245793197678,2477337
17245796072074,5320006
17245798800114,3651613
17245801619465,6635455
17245804077873,4027165
17245806706994,6702411
17245809608670,5017516
17245812393411,3975084
17245815061944,2642219
17245817742030,9571349
17245820353529,7902145
17245826535425,2648893
17245829508237,5406815
17245832088966,3337291
17245834977766,2599465
17245837516925,8817154
17245840388768,11599532
17245843178907,10649839
17245845874786,7931858
17245848599021,6212270
17245851463987,4810131
17245854195904,3711579
17245856830124,6485193
17245859460552,5250328
17245862227360,3217343
17245866555969,2521883
17245871418505,2658863
17245874212030,5201861
17245876934609,8007974
17245879386437,10586046
17245887430657,14622969
17245890093998,17597815
17245892797558,8119417
17245895437635,10661573
17245898182980,5745434
17245900863728,8467062
17245903471231,14722402
17245906116422,9887311
17245911223405,2713599
17245914151525,5278680
17245916739192,8054523
17245919395571,6688053
17245922106914,9536697
17245924565291,8583065
17245927363900,6601179
17245930210162,4518184
17245932901052,7369566
17245935663543,5091235
17245938448768,2453804
17245943106948,2629971
17245945892375,5425724
17245948834721,4574377
17245951524722,7356562
17245954166625,5940002
17245957066947,4206803
17245959733981,6911922
17245962527643,6104442
17245965223725,4043923
17245967759039,6746136
17245970499701,2446915
17245975521153,2475649
17245978783104,2428178
17245981323953,4943312
17245983942266,3222984
17245987985997,2567558
17245990712366,5308538
17245993423529,3189929
17245996023379,5929523
17245998635389,2836335
17246004130993,3939183
17246007599665,2609924
17246010122036,5067988
17246013069264,7979355
17246015697567,3016233
17246018389370,5918386
17246021196475,4600395
17246023856457,3504012
17246027373895,2542051
17246030165939,5339024
17246032992454,4325974
17246035586325,7211976
17246038270066,5215738
17246041062536,2986467
17246043878732,5959599
17246046603424,4483001
17246049241719,2691416
17246052044678,5857536
17246054802195,4620268
17246057320018,2594230
17246060065041,5131997
17246062897879,4771101
17246065605547,3249079
17246068865187,2504122
17246072903086,2529310
17246075739373,5140366
17246078404679,3812960
17246082066637,2630186
17246084724787,5266066
17246088041884,2479618
17246094283492,3525124
17246097069766,5502234
17246099782489,4738147
17246105124701,4689466
17246107911971,7573983
17246108156249,13152050
17246110940014,4895411
17246113535534,3570232
17246117746376,2798555
17246120653302,5285848
17246123315097,4302347
17246125867011,6983497
17246128777954,6665318
17246131498060,3097220
17246134291273,6069554
17246137178445,4312414
17246139874957,7100873
17246142641051,5748719
17246145225188,3156929
17246148875896,2525758
17246151715058,5231586
17246154227665,4159219
17246157228202,2470567
17246160220375,5334893
17246162877677,4547331
17246165491820,3521875
17246169605514,2515404
17246174865363,2686913
17246177453129,5176283
17246180151082,7834817
17246183051207,6873570
17246188045125,7431812
17246190769615,6320513
17246193559172,9013241
17246196332140,7894560
17246199173697,4857659
17246201743387,2973931
17246204521241,5818398
17246207548732,5230207
17246210163685,2756916
17246214585841,2530140
17246217495511,5207961
17246220076118,3500373
17246222990371,6447969
17246225671972,9291651
17246228440186,7665166
17246231124330,5921009
17246233976873,3667188
17246236996434,5028983
17246239692549,3678330
17246242472131,7155103
17246245376231,10116191
17246247925751,7916906
17246250740295,6941048
17246253474300,4883834
17246256274875,4052174
17246259057996,2800810
17246261895695,5751944
17246264819362,3932263
17246267411390,3095935
17246270771850,2466369
17246275364740,2608414
17246278241463,5203862
17246281062960,4533897
17246283816591,3282655
17246286635658,6179599
17246291064115,10642540
17246293791981,9195335
17246296610220,7828872
17246299275029,6575704
17246302053221,6229428
17246304770505,3922790
17246307265235,2924070
17246311015244,2391014
17246315723782,2903568
17246318660142,5295867
17246321264550,3969525
17246324197345,7038005
17246326926473,4795230
17246329613479,7488533
17246332329302,10297622
17246335037311,8978181
17246337825229,11721614
17246340511317,6402946
17246343376530,13328366
17246346117253,7640085
17246348855072,5889237
17246351586309,5011519
17246354326703,3753501
17246357091898,6265196
17246365775821,2696760
17246368736914,5336674
17246371363135,8093792
17246374177957,7091639
17246377232346,10086029
17246379842795,8015809
17246382631380,19312783
17246385368030,8652627
17246387951363,11527419
17246403725803,5894166
17246406555227,3626894
17246409448927,6882938
17246412241669,9749091
17246414872458,14569818
17246417584448,17759862
17246420319874,8398274
17246423035004,15921180
17246425664426,3794942
17246428564004,21284030
17246431132563,3930586
17246434645117,2697122
17246437451141,5367413
17246440332709,3643376
17246443180774,2843332
17246446057416,5230800
17246448736260,8100824
17246451458735,7435710
17246454350060,5026017
17246457096914,2832799
17246459957440,5737548
17246462630478,4208117
17246465434596,7000951
17246468172658,5949516
17246472521516,2519355
17246475220681,5081564
17246477770311,2884691
17246481805865,2543803
17246484486596,5160714
17246487225418,7867677
17246489902543,6087894
17246493649807,4823330
17246496369106,3764837
17246499147735,2502457
17246501702909,5417097
17246506749690,2480636
17246511210061,2700645
17246513896851,5359646
17246517154524,6854524
17246519918696,7931075
17246522650957,5957787
17246525372217,8976263
17246528056095,13699545
17246530760342,12205682
17246533420911,15144709
17246536114998,9594686
17246539154464,8021061
17246542040647,4339445
17246544631393,7111337
17246547401138,5442929
17246549960089,9821401
17246554485480,2720703
17246557174423,4260426
17246559778427,7036195
17246562635403,6660696
17246565293537,4283122
17246568011843,7090794
17246570877071,9982428
17246573406311,8527170
17246576165301,6216275
17246578916599,9031836
17246581608900,7495138
17246584761852,2565523
17246587630890,5322064
17246590299345,3611411
17246592954056,6462614
17246599312499,2759989
17246602241309,5600614
17246605129993,3977129
17246615391740,14428230
17246615545290,6751802
17246619076252,15200321
17246621829377,6545712
17246625791194,10588757
17246628463012,20633830
17246631076422,8129859
17246633678204,10920028
17246636436881,9083896
17246639195726,5241022
17246641753794,3105950
17246644973584,2417738
17246650261631,2757973
17246653068514,5202874
17246655705741,7880671
17246658545305,6412204
17246661311224,9233320
17246663897041,7691640
17246666631242,10531612
17246669284437,8872369
17246671894077,11527605
17246674664329,9938535
17246677119444,3935845
17246680484850,2503315
17246683316496,5205669
17246685928355,3668801
17246688914023,6691590
17246691739684,5090919
17246694425332,3876390
17246697040338,6519215
17246699662219,4340677
17246702462172,2498682
17246705040273,4949893
17246707632899,3691441
17246710932584,2395960
17246716014405,3384694
17246718735535,5863287
17246721344841,3862157
17246726322555,2722322
17246728938268,5044409
17246731607366,7772606
17246734468169,6140912
17246740308683,12152898
17246743151129,11104631
17246750287728,6938780
17246754046487,3555146
17246757112949,2847529
17246759830524,23338004
17246762716674,26529920
17246765436947,9477441
17246768122591,24622900
17246770867959,6816679
17246773546911,13340166
17246776164415,16036084
17246778974191,8520960
17246781591607,7313553
17246784246659,5683994
17246786871472,8408437
17246789623201,6655844
17246792244458,4326260
17246795113007,7322391
17246797691878,5038489
17246800330875,7764345
17246803181877,2553195
17246805932949,5139297
17246808892750,4834035
17246811470628,3075495
17246814275127,5932211
17246816972880,3680076
17246820527931,2518443
17246823125251,4959149
17246826010848,2541954
17246828697460,5086700
17246831342969,2940735
17246834047134,5692918
17246837778684,5211846
17246840438746,2927854
17246843492159,2545004
17246850100260,4257534
17246852766493,2747576
17246855639067,5742293
17246858269762,3388485
17246861439039,2523650
17246903219468,3724040
