16721281299897,2654481
16721304438088,2375782
16721326706121,2461274
16721350353169,2357186
16721372498949,2519274
16721381241642,2407888
16721396729718,2466450
16721405816995,2460435
16721422770175,2531092
16721426120438,2311532
16721444416087,2436470
16721448331142,2338036
16721468263105,2273835
16721472828845,2518301
16721480467325,2369217
16721492202838,2342638
16721496573929,2417926
16721504669227,2303574
16721516789056,2297100
16721520475388,2263411
16721528833130,2536877
16721541700606,2718522
16721544321124,2365547
16721552901423,2456274
16721562407951,2446456
16721564839310,2783875
16721572239422,2230515
16721577010007,2358574
16721582707697,2684464
16721585413143,3638743
16721594357562,2315598
16721598472808,2328959
16721606898741,2444802
16721609288435,4736463
16721619341694,2546879
16721624639438,2473335
16721628494746,2438335
16721632518955,2405669
16721640239981,2250884
16721648575589,2199132
16721652568405,2342276
16721656751131,2322330
16721664388872,2247613
16721672664406,2472460
16721676556079,2437298
16721680559392,2432542
16721684837675,2380513
16721688253098,2309126
16721696843432,2390876
16721701068943,2377492
16721705313255,2393303
16721708364962,2227514
16721712415844,2443671
16721722721914,2491942
16721725103347,4793618
16721727592538,3464719
16721730510655,2223922
16721734426410,2470107
16721744406802,2318533
16721748793345,2397892
16721751569293,4988546
16721754266778,3766333
16721756591946,2813110
16721772846837,2306771
16721775417389,4871984
16721778175422,7412120
16721780685993,5729605
16721782966485,4768535
16721785375985,7178590
16721794497756,2303873
16721798613027,2419903
16721802628562,2303500
16721805297350,4900839
16721807775253,3816529
16721810291159,6326522
16721818462227,2549522
16721822667335,2534274
16721826570899,2449357
16721831047659,2472917
16721833544858,4845597
16721836243269,4261704
16721842566624,2411061
16721846832314,2551092
16721850428000,2323875
16721854581512,2526496
16721859175567,2449822
16721861494010,4602351
16721866321383,2334509
16721870528174,2458238
16721874659441,2317941
16721878298798,2389428
16721882735332,2582310
16721885204906,5020731
16721887775418,7581972
16721890294697,2358370
16721895062672,2341926
16721898736936,2488714
16721902437134,2472459
16721906486236,2441561
16721908980120,4815705
16721915037472,2429148
16721917601705,5369830
16721920172119,4151858
16721922897168,2781680
16721926443019,2369674
16721931145063,2753914
16721933789528,5288461
16721938501798,2447240
16721941351750,5093907
16721943812599,3779835
16721947136298,2509824
16721950566082,2520247
16721954589655,2523970
16721959483132,2642774
16721962880124,2450924
16721965729605,5104316
16721968301824,3909953
16721970611104,2504644
16721974376104,2312112
16721978403480,2524293
16721983585597,2514796
16721986272128,5041762
16721988848255,4688859
16721991146115,7102497
16721993779905,5566971
16721996281603,3783520
16721998652814,2573172
16722002490414,2403997
16722006532697,2335653
16722010258862,2331686
16722013082148,4939918
16722015595144,3691260
16722018681327,2391725
16722021068671,4741307
16722023658255,3235644
16722026392198,2437418
16722030483311,2478175
16722034585144,2394616
16722037394083,5041027
16722039873003,3965230
16722042589662,2446440
16722045161495,4908020
16722047701095,3791730
16722050307411,2409205
16722055269714,2500191
16722058576535,2545108
16722061274995,5129400
16722063791109,3900841
16722066776961,2602350
16722069410345,5192836
16722071878774,3585283
16722074663202,2593172
16722078912394,2588518
16722082642458,2602496
16722085445091,5172546
16722088043820,7807927
16722090582768,6455170
16722093210585,4739176
16722095678621,7257150
16722098272546,6157244
16722101061060,4879994
16722103423577,3332142
16722106811120,2400728
16722111462873,2494340
16722114402877,5240293
16722117136484,3484821
16722119874357,6304748
16722122196830,3084528
16722124711257,5719402
16722127243885,3193466
16722129926692,5994394
16722132643081,4573933
16722135190313,3059732
16722138752833,2479293
16722141573851,5098434
16722144038301,3814058
16722147323256,2542318
16722149968415,5137364
16722152782148,3938505
16722155326074,6695285
16722158054092,5804694
16722160799698,4771454
16722163172194,2767651
16722165874062,5484307
16722168546696,4550430
16722171003713,3161764
16722174843617,2331756
16722177444784,4942451
16722179991513,3544024
16722182858837,2546467
16722185492408,5079862
16722187989181,7713338
16722190585633,6305329
16722193094641,8959645
16722195770774,7294580
16722198385970,5956179
16722200937689,4345729
16722203575982,7104053
16722206218074,6251581
16722208926596,4998855
16722211561312,3385715
16722214343980,6281207
16722216794814,4743674
16722219310463,7260297
16722221986703,5933756
16722224647208,4363930
16722227079461,7048768
16722229623945,5506324
16722232145771,8161170
16722234638863,6656792
16722237390467,5337995
16722240047211,3838079
16722242597140,6488050
16722245353132,4745124
16722247902528,2795478
16722250580625,5680870
16722253311351,3268723
16722256110204,6255747
16722258867112,4862358
16722261486210,7520542
16722264160903,5954392
16722266873994,8785979
16722269382263,7536301
16722272174340,6018767
16722274779178,4754722
16722277329809,7506218
16722279999987,5625925
16722282552750,4486957
16722285171248,7169781
16722287894366,5998613
16722290565873,4109285
16722293000687,6670855
16722295609417,5460017
16722297967044,7955846
16722300586194,6508086
16722303222669,4925409
16722305566357,3076562
16722308305192,5868910
16722310687988,3395265
16722313331157,6055310
16722315712524,3712131
16722318636041,2578536
16722321300002,5071211
16722323745810,7604895
16722326578545,5940962
16722329194096,4553056
16722331645821,7129505
16722334349559,2500874
16722337203542,8871598
16722339700867,7677983
16722342357818,5526813
16722345070283,4441540
16722347683108,7204899
16722350230946,5802088
16722352926020,4413626
16722355383252,6883656
16722357974753,5799740
16722360647245,4379078
16722363047702,6911774
16722365853609,5390930
16722368549486,4387977
16722371210276,7068341
16722373912301,6120540
16722376725389,4412266
16722379252689,7027914
16722381959594,5744051
16722384406751,3742207
16722387121508,6466552
16722389467752,4598501
16722392151396,7198192
16722394799504,4765112
16722397305331,3167105
16722399907378,6004164
16722402777983,4398908
16722405582530,3298349
16722408319471,6084929
16722410891753,4936266
16722413589772,7589839
16722416292915,5843173
16722418830658,3649063
16722421535430,6164089
16722424131422,4221733
16722426673279,6839112
16722429329433,5165318
16722431838659,7729061
16722434504204,6335622
16722437292510,4853822
16722439919642,7506860
16722442643023,6448542
16722445484141,4930595
16722448075707,7729252
16722450646158,6379598
16722453335146,4957150
16722455961503,7627037
16722458614510,6400715
16722461194964,4773070
16722463746719,7442835
16722466436330,6122482
16722468860064,4153119
16722471349321,6876171
16722473912608,4505527
16722476545876,2427374
16722479224572,4876117
16722481688887,3382505
16722484331716,6075730
16722486833304,3738320
16722489693892,6619806
16722492152985,4082906
16722494713849,6891053
16722497255921,5087099
16722499933309,3908915
16722502487742,6555585
16722505227769,4654774
16722507737194,3270084
16722510280370,5908613
16722512998424,4753658
16722515518501,7308287
16722518112250,5409964
16722520666409,4384085
16722523117219,6881784
16722525629770,5708810
16722528313704,4038269
16722530827291,6724330
16722533228478,4757086
16722535930726,3578256
16722538471078,2564865
16722541166461,8808461
16722543611487,3542199
16722546428844,6505237
16722548962911,4829432
16722551491695,3544157
16722554168426,6079768
16722556705537,4447894
16722558981982,6979490
16722561634565,5084921
16722564075070,3842956
16722566815459,6645428
16722569507287,4792492
16722572052854,3835683
16722574565308,6428219
16722577292330,5062955
16722579805273,3560279
16722582670975,6379147
16722585378938,4864105
16722588020483,7721948
16722590707202,6624607
16722593419525,5550311
16722595929125,3653583
16722598563894,6538490
16722601237000,5017477
16722603907290,7724193
16722606543274,6307407
16722609127372,4932512
16722611598800,3165352
16722614488510,6108085
16722617137769,4645938
16722619846631,7363601
16722628777598,5976581
16722631618188,11130546
16722634322920,13866599
16722637219646,8234141
16722639660555,10684907
16722642259802,13318585
16722644700611,8550589
16722647187501,11192777
16722649587675,16862450
16722652196869,7237696
16722654703780,14628015
16722657413299,5371219
16722660015055,4100023
16722662694117,6950651
16722665407454,4865896
16722668019626,3919559
16722670666787,2487344
16722673151600,9097866
16722675605644,7295472
16722678804028,2605934
16722681256637,4827298
16722683825980,7443212
16722686459306,2462901
16722689118973,9091655
16722691710961,7629430
16722694467562,2553170
16722697067367,9077444
16722699587001,7511844
16722702140436,6081036
16722704910308,4767560
16722707366234,3300672
16722710876776,2449206
16722713408609,4848840
16722715841384,7298483
16722718592219,6267103
16722721132869,4496961
16722723535869,7089888
16722726123998,5419145
16722728581069,7883716
16722731028756,6545051
16722733567946,5050787
16722736095940,3128543
16722738640102,5772228
16722741077683,3420489
16722744418523,2484747
16722746999080,4830637
16722749500781,7357749
16722752077257,5674994
16722754597345,4546218
16722757081479,7108530
16722759640158,5483769
16722762355689,3545726
16722764797878,6140486
16722767449612,5392090
16722769904697,8000348
16722772530249,4506542
16722774994326,2941080
16722777703341,5676503
16722780179466,3742216
16722782738641,2290290
16722785421591,8910599
16722787921943,4008526
16722790495356,6608367
16722793246424,5243587
16722795676671,3270047
16722798157603,6020384
16722800939238,4525734
16722803471200,7075558
16722805997487,5774887
16722808518149,4558513
16722811018195,7074392
16722813488447,5349178
16722816095496,3218982
16722818616542,5905519
16722821275625,4928567
16722823848179,7637832
16722826478102,6202319
16722829000402,4716219
16722831428796,7148008
16722834078107,5820351
16722836749881,4490674
16722839321667,7156484
16722841906539,5868887
16722844440719,4027991
16722846802704,6610320
16722849455060,5160091
16722851859700,3301096
16722854395225,5849094
16722857153810,5040818
16722859650482,3634817
16722862312201,6481748
16722865046023,4336011
16722867664246,7065080
16722870304346,5143506
16722872945345,2998350
16722875749742,5818285
16722878329362,3682138
16722880889231,2477042
16722883568498,9001121
16722886251438,7786395
16722888736804,6527947
16722891225805,5201897
16722893707454,7696367
16722896294535,6181728
16722898852125,4796410
16722901260700,7229926
16722903965467,5532188
16722906596293,4111412
16722909203500,6779051
16722911740356,5321402
16722914168581,4147827
16722916932304,6936422
16722919344042,3907339
16722923017665,2386260
16722925530586,4916328
16722928160560,3315872
16722930934180,6324851
16722933725489,4931106
16722936415230,7675842
16722938934648,6099229
16722941635743,8897662
16722944239011,8221953
16722946785773,6751734
16722949284453,5118785
16722951864709,3491227
16722954377543,6113368
16722957193891,4745768
16722959648866,7484501
16722962545955,5632132
16722965171160,4738795
16722967643055,7300452
16722970259673,6208118
16722972771028,4827862
16722975181018,7264081
16722977929424,5624751
16722980507178,4424819
16722983032724,6989206
16722985436399,5593534
16722988065498,3851271
16722990456161,6332227
16722993268613,5345198
16722995652182,3525833
16722998401506,6290354
16723000987246,4785278
16723003405978,7397574
16723005984177,5909384
16723008405053,4429706
16723010847302,6989388
16723013626694,5491673
16723016222096,3971888
16723018777568,6688266
16723021372344,5007607
16723023944486,3651309
16723026642810,6475191
16723029128114,3788457
16723031692506,6532050
16723033995886,4062440
16723038365726,2487448
16723041122627,5110035
16723043840534,3194703
16723046424862,5896613
16723049223605,8715835
16723051949984,7110927
16723054672143,6466920
16723057342158,9264756
16723060053691,7862905
16723062612064,6527747
16723065275586,5085343
16723067837623,7809496
16723070603281,2495945
16723073314399,9069820
16723075970481,7689517
16723078652394,6217015
16723081462422,5359176
16723084184755,8131995
16723086869843,7019196
16723089502359,5348022
16723092022592,7945978
16723094660679,6886546
16723097398941,5067804
16723099909508,7692401
16723102716537,6715919
16723105430814,5151335
16723108019695,7790920
16723110780414,6875912
16723113439282,4992739
16723116034408,7721401
16723118687372,2590486
16723121377291,9182975
16723124004608,7728039
16723126816468,6869663
16723129534822,4979184
16723132188150,7716501
16723134868168,6524044
16723137598689,5149490
16723140319425,8007579
16723142896907,6392025
16723145605280,5362022
16723148044314,8054117
16723150854450,6665904
16723153528255,5082367
16723156062495,7673848
16723158866260,6865842
16723161634554,5087498
16723164327225,7789994
16723166945533,2548250
16723169664100,8977554
16723172290017,8078880
16723174868027,6938229
16723177803698,5155417
16723180571395,7964460
16723183246816,7089273
16723186045677,5916682
16723188736370,3707045
16723191372406,6377129
16723194108879,5736197
16723196660993,3289774
16723199492841,6144057
16723202081795,3311738
16723204761832,6184218
16723207450583,5234489
16723210179326,7929808
16723212883161,6408894
16723215470506,5182012
16723218159982,7892777
16723220826289,5015297
16723223452832,3321864
16723226043821,5914801
16723228609187,4284850
16723231087076,6814835
16723233840534,5553437
16723236428657,4071018
16723238982744,6661688
16723241588347,5216065
16723244044385,7625553
16723246565069,6428997
16723249150911,4963473
16723251644615,7581288
16723254802506,2549582
16723257511698,5055274
16723260168251,7713672
16723262795592,2576102
16723265501995,9623225
16723268219635,8289077
16723270931549,2838826
16723273480413,5532480
16723276164755,4240319
16723278584423,2767113
16723282615094,2289850
16723285359889,4946965
16723287938276,3853591
16723290715424,6626372
16723293647299,5238938
16723296243338,3756555
16723298905383,6408848
16723301499708,9360289
16723304335750,7824096
16723307004746,6292614
16723309561445,3845771
16723312193742,6530357
16723314887684,4756728
16723317367695,7442564
16723320222240,6210049
16723322922132,4816248
16723325261553,3199558
16723327999740,5988979
16723330545437,4205125
16723332966253,6631527
16723335426567,5361066
16723338306986,2591429
16723341001819,5189273
16723343414591,3446528
16723346081693,6245407
16723348905026,4406048
16723351422335,6975615
16723354162445,6148713
16723356697262,3787721
16723359334636,6489418
16723361848476,4417487
16723364261608,6959062
16723366791887,4888695
16723369316900,3397531
16723372678969,2391956
16723375302807,4932958
16723377733030,3703792
16723380892854,2449878
16723383722821,5273898
16723386273604,3740386
16723388817342,6356950
16723391286447,4408155
16723393763279,2719447
16723398540477,2349226
16723401379390,4956794
16723404066518,7609381
16723406765684,6220022
16723409419806,8993363
16723412029035,7668167
16723414500250,10405384
16723417054335,8814681
16723419654560,7368682
16723422250050,10092981
16723424673168,4365709
16723427361979,2889477
16723430080507,5688949
16723432768889,4283279
16723435514415,7031854
16723438257143,5664686
16723440808390,4486817
16723443238149,7094623
16723445864468,5528469
16723448269901,8043380
16723450726095,5690654
16723453345790,3247673
16723455942923,5931789
16723458464259,3300995
16723460866781,5796384
16723463651080,2423155
16723468608596,2357020
16723471317479,4957901
16723473764446,3777514
16723476480292,2432812
16723479150670,9152127
16723481742836,7555306
16723484438626,6260063
16723487268281,4806470
16723489904083,3165641
16723493126160,2488638
16723495897415,5036528
16723498512758,7778917
16723501112158,6568658
16723503868215,5753182
16723506663633,8561428
16723509251840,6951281
16723511836026,5842235
16723514475171,8506498
16723517272280,7144090
16723519853178,4370266
16723522839787,2623169
16723525552983,5316167
16723528315493,8078500
16723530970424,7042978
16723533450044,5199656
16723536155298,8003829
16723538688192,6843823
16723541367134,5240954
16723543829425,7806051
16723546431169,6281367
16723548890251,4340256
16723551453979,6824097
16723554172064,5488905
16723556841140,4493537
16723559483073,7187225
16723562184262,6135741
16723564939938,4701050
16723567540541,7425628
16723570278865,6224805
16723572924054,4830660
16723575506210,7436394
16723578322656,6068715
16723581047454,4991291
16723583482716,3506913
16723586937498,2553172
16723589559924,5060746
16723592392363,4456035
16723594947331,2790637
16723597751572,5639731
16723600571678,4447966
16723603194236,2974316
16723605757692,5695326
16723608541464,4278182
16723611301638,7124057
16723613908298,5221148
16723616383460,7745690
16723619052002,5664751
16723621704672,3499904
16723624200443,6213566
16723626908497,4629070
16723629323560,7090893
16723631979239,5935536
16723634572498,4568939
16723638335532,2517995
16723647113414,4992723
16723649732785,9056022
16723652106332,11604738
16723654641058,4929028
16723657215244,9922835
16723659682072,12410171
16723662142126,6032590
16723664759744,8675289
16723667227008,14496680
16723669855131,17109497
16723672427364,12494750
16723674871545,6581950
16723677412735,5553974
16723679915998,3938935
16723682654537,2587954
16723687249103,2454367
16723689798973,4953557
16723692272539,3781784
16723694821563,6384051
16723697357698,4743946
16723699804026,3220091
16723702298589,5852809
16723704824115,3814003
16723708507379,2467390
16723711188694,5048150
16723713596020,3346103
16723716220859,6007671
16723718603841,3397885
16723722312845,2400791
16723725000673,4925429
16723727431924,7369239
16723729882461,5902580
16723732251790,8365063
16723734948647,6810626
16723737595838,5068384
16723740014981,7517373
16723742740038,6672427
16723745362254,4965756
16723747965678,7709958
16723750482256,6470598
16723752945579,4711706
16723755425715,7217951
16723757983436,5330021
16723760558453,4621161
16723762948963,7032544
16723765613202,5776850
16723768186322,4047569
16723770627684,6625781
16723773361294,5436532
16723776039628,3025780
16723778537585,5652191
16723781400991,4848138
16723784060564,3898364
16723786843177,2526373
16723789449585,5039164
16723791991290,3999490
16723794595543,2407273
16723797300373,5038769
16723799795552,3781572
16723802744409,2457533
16723805373692,5130077
16723808194502,4123557
16723810531003,6586734
16723813128415,5114788
16723815654398,7762689
16723818443827,2723584
16723820914744,5276680
16723823543135,2790656
16723826219442,5071513
16723828611330,3850672
16723831360960,6485237
16723833853064,3759170
16723836534973,6463531
16723839009774,4971064
16723841522865,7403066
16723844194028,6156508
16723846805767,4840123
16723849319311,7455648
16723851982902,5876804
16723854717414,4426495
16723857076608,6929184
16723859709460,5520150
16723862340160,4171294
16723864674681,2705460
16723868561400,2391602
16723871195376,4868431
16723873599211,3574725
16723878036974,2407538
16723880839990,5134345
16723883418568,3134866
16723885872064,5703800
16723888435179,8289803
16723890984437,7075984
16723893554535,9680722
16723896043967,7603567
16723898516347,5893256
16723901064847,8693561
16723903727533,7563474
16723906410891,6353789
16723908805734,2906316
16723911636957,5660123
16723914137135,3550289
16723916778102,6428768
16723919343409,4592421
16723921898705,7161999
16723924592391,6448096
16723927294174,5083280
16723929796183,7860324
16723932711332,6501388
16723935425697,5236548
16723938146655,8098721
16723940841629,4934785
16723943231819,2548555
16723945747881,5192455
16723948289101,3256147
16723950990675,6073856
16723953459069,5001107
16723956234180,7799688
16723958751281,5755657
16723961274385,5308243
16723963797096,7748322
16723966484576,6241969
16723969055890,5032292
16723971501497,7536942
16723974721847,2451927
16723977349874,5056550
16723979738291,3857428
16723983227759,2279858
16723985826708,4905255
16723988585032,4391888
16723991202329,7076523
16723993929962,5731467
16723996528832,4241003
16723999398872,2541376
16724002129440,5129865
16724004673016,7697229
16724007463749,6620945
16724009953559,4206715
16724012801708,7039022
16724015572199,7448945
16724018129912,5978426
16724020823597,10021003
16724023455004,9131374
16724026213929,7596967
16724029035600,5716376
16724031533670,3580356
16724034231185,6272860
16724037021319,4456263
16724039769046,2947765
16724042326018,5692642
16724045001362,8331291
16724047506346,7593891
16724050247096,6306267
16724053006960,4714252
16724055458353,7269319
16724058105515,5544867
16724060500995,4485112
16724063050425,7072446
16724065664731,5380180
16724071165261,2757633
16724073950123,5299480
16724076570485,8070681
16724079212075,7074175
16724082075819,6104991
16724084597440,4008829
16724087369751,6782248
16724089982057,5838267
16724092561896,8356514
16724095108350,6558609
16724097933098,5238748
16724100647685,3686310
16724103177120,6265418
16724105968896,5432270
16724108587112,8139354
16724111083769,5874750
16724113593617,5062148
16724116015173,7749173
16724118622320,5622233
16724120951799,4622141
16724123451947,2311328
16724128705845,2436316
16724131469801,5148014
16724133895504,3596457
16724136600684,6387725
16724139290011,9091472
16724141683732,7310297
16724144354241,10193591
16724147017452,8560883
16724149536951,7340427
16724152172171,9990403
16724154582137,4524367
16724157171572,2361845
16724160641942,2359213
16724163326237,4995902
16724168416486,2450530
16724171194278,5041234
16724173773395,7702358
16724176705422,6810356
16724179165052,4575105
16724181820326,7405354
16724184412993,6151353
16724187283075,4688858
16724189773709,3679631
16724192203737,6267056
16724197208808,2634816
16724199713495,4955593
16724202220776,3603001
16724204783409,6250187
16724207493450,5365187
16724210067794,7937703
16724212718547,6376293
16724215444741,9300103
16724218017347,7602043
16724220400018,6325941
16724223254457,4765880
16724225647616,3256695
16724229011984,2494257
16724231679512,4667473
16724234188490,3280708
16724236931156,6032835
16724239585352,3332164
16724242254851,6627004
16724244772427,9153214
16724247435214,7279081
16724250029129,9972783
16724252405871,12492565
16724254896988,6584195
16724257472523,5250175
16724259776200,3195203
16724262467399,2249819
16724267821933,2453030
16724270697670,5194109
16724273188858,7813078
16724275948338,5911999
16724278616099,8813023
16724281253255,7349429
16724283743030,10017624
16724286313813,8188918
16724289067786,11097524
16724291474737,3408746
16724294007006,6104914
16724296470976,4623018
16724298889989,2881105
16724302780185,2435544
16724305482452,4849370
16724308074344,7409780
16724310480943,6545146
16724313069142,4858976
16724315497366,7321851
16724318144799,5987225
16724320609776,4437747
16724323247879,7212543
16724325740843,5790357
16724328588701,3694099
16724331168202,6255366
16724333714817,5604938
16724336346694,8165204
16724338878006,6501736
16724341437739,5197633
16724344059228,7726047
16724346839089,6802217
16724349533488,5442785
16724352126897,8050503
16724354803485,6720363
16724357306345,5283329
16724360035765,7908804
16724362858010,6777499
16724365391173,4077797
16724368016594,6885179
16724370781574,4640722
16724373209242,7324117
16724376053582,6037892
16724378849679,4843197
16724381382456,7406976
16724384071325,6160976
16724386996799,4886305
16724389625045,7531333
16724392418526,6326179
16724395183959,4663013
16724397634337,7353971
16724400334600,5756622
16724402914814,8561668
16724405483712,7490673
16724408005117,5862365
16724410654889,4502789
16724413008182,6986796
16724415708687,5873784
16724418241075,3833702
16724420902695,6524958
16724423487694,4570635
16724425830976,7207407
16724428481370,6014829
16724430961230,4849415
16724433677547,7480247
16724436581474,6075165
16724439198995,4573020
16724441655909,7204036
16724453664087,2583873
16724456401261,5088509
16724459048928,7737212
16724461481042,10311845
16724464023618,12786844
16724466420880,15265442
16724469031389,11190783
16724471556459,16906980
16724474102443,3446265
16724477519333,2578225
16724480064845,4197788
16724482743786,7620737
16724485193871,4867278
16724487717878,7523480
16724490386331,10287669
16724493124158,5010595
16724495626571,7717962
16724498474726,6140636
16724501144928,4817721
16724503676517,7295315
16724506404505,6285149
16724508875210,3639481
16724511572270,6468440
16724514012680,4007105
16724516541874,6743422
16724519292766,5000644
16724522073776,3939482
16724524548705,6522115
16724527337718,5389806
16724529724691,7905761
16724532395527,6304890
16724534852568,4842614
16724537808611,2354703
16724542807905,2397427
16724545501236,4916025
16724547993883,7522183
16724550572062,6471408
16724553190014,9037587
16724555567262,7283838
16724558404132,10040652
16724560943902,8126889
16724563564865,6746735
16724566167339,9424933
16724568734609,6624410
16724571436011,5323030
16724573889055,7691827
16724576660445,6808531
16724579142762,4985381
16724581773479,7560438
16724584523511,6514676
16724587224922,5137465
16724589716843,7680023
16724592399239,6500438
16724594970750,4503435
16724597360809,7181692
16724600521025,2542717
16724603236075,5134283
16724605909546,3355679
16724608595680,6098065
16724611179456,4778277
16724613801519,7507932
16724616487024,6345402
16724619104493,4325569
16724621569609,6900849
16724624291340,6116547
16724626815055,8733760
16724629421327,5702075
16724631858561,8450219
16724634477218,7624610
16724636939630,10364667
16724639851945,5802227
16724642330074,3559097
16724644897015,6245700
16724647551304,4930360
16724650075603,7481054
16724652770427,5976329
16724655445984,3452476
16724658241461,6294424
16724660795293,4898687
16724663585748,3491665
16724666116183,6161781
16724668905539,4597945
16724678005263,13886916
16724680724225,5424752
16724683608937,15789509
16724686287836,18490180
16724689005754,8339821
16724691446829,13477714
16724693994959,16047859
16724696502245,7852317
16724698986447,10468952
16724701397736,12901112
16724704028093,5894191
16724706596827,4596695
16724709047269,7047112
16724711754218,5871735
16724714496103,4418007
16724717045182,2879250
16724719586047,5531712
16724722200146,4113974
16724724737343,2877898
16724727315594,5486137
16724729776894,3683121
16724732248373,6181610
16724734808587,4416850
16724737306438,6940188
16724739967416,5824945
16724742495237,4190194
16724745002809,6829454
16724747519002,5452997
16724749926022,3811590
16724752424956,6325483
16724754956878,4787842
16724757585809,3352212
16724760129939,5921654
16724762598213,4429153
16724766119535,2347050
16724768803002,4936664
16724771308200,3227619
16724773915855,5960811
16724776549122,4570621
16724779027122,7079754
16724781600954,5616225
16724784343407,8380616
16724786875150,6849274
16724789519322,5453407
16724792085321,3699167
16724794865062,2614691
16724797464613,9117933
16724800007487,7631382
16724803769043,2627123
16724806529803,5144802
16724809185038,7851840
16724811896016,5957096
16724814721984,8803967
16724817466417,7642774
16724819967652,5485364
16724822763933,8401809
16724825365558,6879132
16724828032781,5830322
16724830517119,8585783
16724833272119,7303081
16724835886613,5760827
16724838381018,2730006
16724840953297,5269761
16724843668525,3734534
16724846534471,2504878
16724849165266,4849677
16724851488782,7311621
16724854332868,6018254
16724857101357,4871401
16724859630855,7544680
16724862406278,6498081
16724865275242,5114030
16724867832932,7778026
16724870540713,6394552
16724873270760,5000586
16724876035055,7870807
16724878729203,6204926
16724881147485,8771493
16724884102480,8168905
16724886636099,6817714
16724889343567,5324392
16724891721700,7846657
16724894327100,6306863
16724896992084,4918884
16724899567574,3230961
16724902269183,6069648
16724904928540,4622378
16724907605184,7280260
16724910297528,6329912
16724912918197,4992607
16724915398489,7621296
16724918129109,6237563
16724921110379,4563564
16724923612526,7090145
16724926197048,5411523
16724928700207,8038518
16724931391721,10903385
16724934225643,6207642
16724937014307,4850570
16724939675481,7518674
16724942274371,6553862
16724945101285,4394536
16724947519179,6954782
16724950137104,5806019
16724952580701,8413213
16724955377494,7191241
16724958028007,4959019
16724960665736,7843835
16724963423633,2755455
16724966347619,5709480
16724968901738,3396152
16724971425847,6195400
16724974233779,9312000
16724976841114,12031088
16724979431701,6536541
16724981755488,3741132
16724984526813,2435981
16724987168065,4906015
16724989482562,7341594
16724992371208,2357573
16724994859345,4727928
16724997400577,3353972
16724999884099,5998650
16725002463825,4521241
16725004869917,6959258
16725007531666,5144129
16725009924429,4013034
16725012443773,2308367
16725016755348,2383772
16725019232355,4735288
16725021694788,7279177
16725024533065,4624984
16725027206833,2818273
16725029866380,5505381
16725032298317,8092827
16725035202962,6780488
16725037849489,4697008
16725040398118,7305537
16725043074491,5060585
16725045522099,3416517
16725048111507,6035909
16725050665744,4753423
16725053409401,7416611
16725055999404,6148758
16725058565606,4419183
16725060917867,7041866
16725063581144,5585033
16725066023738,3319612
16725068637631,5951954
16725071127130,4779727
16725073691695,7380512
16725076361971,6260883
16725079230998,5238980
16725081708869,3155528
16725084357699,5892139
16725087070156,4561084
16725089574692,7225212
16725092299707,5754503
16725094896109,4748656
16725097446071,7498629
16725100099147,5620038
16725102758903,4503950
16725105226568,7029769
16725107825467,5750073
16725110291539,4391433
16725113221973,2573197
16725115845480,5219226
16725118574782,3111327
16725121285260,5971701
16725123706553,3543932
16725126414287,6106532
16725129037215,4670909
16725131559983,7229498
16725134193971,5881684
16725136764706,8562181
16725139248165,7192638
16725141873843,5643919
16725144540537,3824137
16725147081527,6496634
16725149807390,4994541
16725152374872,7724207
16725154962568,6804827
16725157782108,5852062
16725160522509,3878487
16725163210857,6679653
16725165918539,5645148
16725168697959,8424703
16725171358236,7024897
16725174029309,5742611
16725176881149,8671679
16725179512613,7260285
16725182236214,5938704
16725185036792,8762816
16725187757386,7428422
16725190281676,5631396
16725192871040,8233980
16725195251078,7317009
16725197979299,5688431
16725200509959,8268910
16725202925386,6703667
16725205551052,5265938
16725208053869,7787960
16725210722201,6791289
16725213341831,4928185
16725215698282,3537502
16725218421684,6206992
16725220997476,3823522
16725223568591,6890884
16725226332928,9836230
16725229039213,4985367
16725231522077,7488146
16725234342548,6260973
16725236979333,4788411
16725239376185,7283362
16725241844797,5805663
16725244511128,4237544
16725246859389,6789524
16725249576147,5242318
16725251971924,3745577
16725254529073,6313703
16725257101594,4579786
16725259543748,3531222
16725262123250,5954584
16725264705697,4796824
16725267203773,2999224
16725269702040,5679316
16725272276632,4130362
16725274788616,6837967
16725277633339,4609757
16725280207970,4054429
16725282646010,6514523
16725285359793,5603406
16725288182443,4236541
16725290713766,2690584
16725293452221,5445807
16725295862326,3706373
16725298771242,2406383
16725301417079,4891715
16725303832537,3870643
16725306601703,2452167
16725309322263,5144495
16725311934645,3627767
16725314796312,6381199
16725317489074,4873225
16725320145000,7565559
16725322715049,2607906
16725325553559,9209612
16725328311296,7925927
16725330998294,6683463
16725333623962,5462727
16725336305499,8256804
16725338799241,6624325
16725341445763,5198302
16725343917383,3740813
16725346689956,6487023
16725349309979,5025342
16725351635500,7553850
16725354487931,6352525
16725357028715,4012854
16725359786369,6717718
16725362418744,4728449
16725364971238,2771692
16725367513678,5518257
16725370186791,4003660
16725372808235,6770483
16725375669651,5369171
16725378361836,4042866
16725380979955,6956510
16725383780516,5313370
16725386413245,4441207
16725389036074,3016636
16725392759916,2547295
16725395603148,5196682
16725398154103,3936080
16725400578428,2470745
16725403431266,9451623
16725405887081,3714932
16725408550566,6403351
16725411069128,4782825
16725413557354,7295177
16725416142796,5978519
16725418779877,4608051
16725421305274,3088410
16725423880805,5699173
16725426370064,3980859
16725428739452,6473501
16725433262513,2625654
16725436124260,5395844
16725438826911,8101334
16725441486083,5634993
16725444303193,8531383
16725446925026,11612852
16725449748764,5537821
16725452371573,7876102
16725454990982,6645284
16725457575724,9368728
16725460496215,7992976
16725463180670,7187867
16725465912917,5544610
16725468716398,8477956
16725471366572,7201007
16725474112293,5958918
16725477008223,4076641
16725479602206,6779893
16725482019635,5481591
16725484762643,8129691
16725487342424,7256165
16725489970970,5859775
16725492785272,4350317
16725495302168,2523018
16725498929424,2510398
16725501770484,5159571
16725504585413,4204611
16725507154348,2734736
16725509598114,5320326
16725512037281,3846828
16725515050815,2697057
16725517732809,5139764
16725520334539,3807849
16725522832875,6337286
16725525480315,5314200
16725528238066,3778154
16725531050181,6463874
16725533820827,5092260
16725536564195,4317418
16725539161928,7057871
16725541875944,6015864
16725544714780,4430542
16725547400048,7188516
16725550141618,5847287
16725552795565,8530466
16725555393048,7320817
16725557928581,5562245
16725560391608,4232763
16725563013826,6870372
16725565718265,4998729
16725568408465,4117001
16725570992725,6975714
16725573667779,4712547
16725576462320,3933426
16725578851516,6396960
16725581591313,5333119
16725584159199,8109402
16725586846350,6849542
16725589283881,5329378
16725591935193,3695738
16725594538478,6451251
16725596997494,5046804
16725599701838,3591559
16725602537758,6468489
16725605357180,4136284
16725607880608,2554163
16725610588314,9744217
16725613180148,3225212
16725617007170,2502320
16725619670009,4966047
16725622322678,7729597
16725624843629,6333146
16725627454443,5515308
16725629943793,4045361
16725633074935,2548228
16725635707035,4964472
16725638205240,3496689
16725641212194,2455378
16725643908803,4552628
16725646474602,7553261
16725648974151,10101374
16725651451513,7506740
16725654113134,11485436
16725656677754,5970102
16725659377232,4973498
16725661827934,7476465
16725664547748,6393761
16725667276206,5021615
16725669785547,7773304
16725679875277,9204574
16725682507276,5368832
16725685263783,8165896
16725687832734,10797177
16725690545354,6072397
16725692977121,10497224
16725695413898,12935310
16725697938001,9703824
16725700534483,12416035
16725703038369,2761342
16725707267691,2552765
16725710093240,5244542
16725712808274,4237649
16725715414927,3136517
16725718154774,5887495
16725720870557,4419198
16725723401300,7061160
16725726087282,5738836
16725728742666,8487387
16725731287070,6566487
16725733730165,5464501
16725736360535,8102618
16725739665293,2465125
16725742186594,4894057
16725744856320,2511695
16725747612508,5103254
16725750366583,4287412
16725752959876,7007229
16725755484375,5621476
16725758006379,8233148
16725760497755,6617681
16725762876689,3837203
16725765318083,6296615
16725767897798,3675925
16725770479094,2331307
16725773136233,4810225
16725775523623,3505099
16725778140869,6235598
16725780756609,4777290
16725783342380,3306766
16725786112796,6088141
16725788757854,4367208
16725791220141,6855650
16725795179055,2418005
16725797886374,5021582
16725800367963,3651599
16725803024086,2374800
16725805532996,4788887
16725808001806,2807610
16725810586810,5420634
16725813002330,2675049
16725817076864,2559082
16725819549779,5031498
16725822076059,7570164
16725824749019,2493622
16725827537365,9224754
16725829920050,7561686
16725832762287,6581879
16725835131530,4842151
16725837663037,7405912
16725840339696,6202944
16725843061042,5015026
16725845495891,3253227
16725848237815,6162336
16725850786728,4789513
16725853277458,3110915
16725855848465,5608835
16725858197705,2735471
16725860883046,5346075
16725863352133,2943741
16725865844649,5561291
16725868604042,4160656
16725871000353,6595244
16725873737520,5732054
16725876490639,4282208
16725879153357,7056685
16725881737704,5556895
16725884501592,4363096
16725887015851,2836810
16725889714783,5474213
16725892368329,3966012
16725895125044,2716141
16725897851868,5358243
16725900659394,4081594
16725903258327,2814396
16725905804569,5547717
16725910373608,2358274
16725912959489,4704953
16725915269014,7132796
16725917986395,5768988
16725920805019,8616913
16725923268026,7232318
16725925875059,9889712
16725928452310,8009569
16725931259003,7180931
16725933698910,9811662
16725938636429,2590476
16725941465569,5181128
16725944041884,7870532
16725946772441,6629396
16725949426115,9314785
16725952097314,8144573
16725954813083,6268786
16725957287079,8872611
16725959946579,7208820
16725962416517,2560984
16725965083275,12492243
16725967706772,7631593
16725970235775,5800018
16725972843100,4636098
16725975407227,7235227
16725978121022,4788811
16725980534465,2552357
16725983154168,4913669
16725985524055,3307784
16725988938695,2500930
16725991484717,4870280
16725993863835,3642909
16725996508706,2326457
16725998982788,4675233
16726001377166,3507006
16726004234233,2259168
16726008566176,2304704
16726011343099,4877546
16726013834593,3044937
16726016488942,5956326
16726019180258,4936060
16726021653582,7638029
16726024348731,6106334
16726027048730,8821362
16726029567197,7556573
16726032265202,6449497
16726034867172,4607579
16726037327744,7216979
16726040181691,6038584
16726042872077,4809656
16726045490491,3007513
16726048195054,5882971
16726050792631,4253727
16726053270900,6749795
16726055784598,5703040
16726058317229,4264868
16726060898041,2717658
16726063620694,5485250
16726066177210,3469450
16726068849081,6259922
16726071550326,5112913
16726074080371,3999146
16726076586940,6619823
16726079383888,5349916
16726081977171,7973772
16726084503881,6640015
16726088745004,2431828
16726091392755,4973257
16726093863719,3499801
16726096386727,5981710
16726099045889,5051823
16726101673622,3366105
16726104195306,5981287
16726106957603,4909743
16726109467459,3240699
16726112196044,6081499
16726115010279,4804373
16726117588839,7396206
16726120135764,5467310
16726122763351,4323246
16726125315745,7001680
16726127772599,5778716
16726130294171,8226620
16726132683083,6590895
16726136419727,2433761
16726138971091,4833236
16726141278040,7309410
16726143993148,6001750
16726146739326,4697194
16726149331799,7412197
16726151929050,6044553
16726154320413,4319795
16726156885278,6986182
16726159274356,3864668
16726162583710,2471417
16726165266124,5007009
16726167896315,3708380
16726170476959,6625429
16726173283443,5146736
16726175844923,7909152
16726178617610,2498653
16726181235776,5089936
16726183634600,3725963
16726186602484,2636737
16726189154265,5013565
16726191675913,3641194
16726194229671,2404684
16726197096966,5050651
16726199590431,3750721
16726202710009,2581123
16726205328216,5077726
16726208061835,7793556
16726210698012,6756243
16726213308167,5342344
16726215814130,7615157
16726218616543,6262121
16726221064876,4581451
16726223636910,7188715
16726226314094,6161518
16726228921558,4555851
16726231312490,3346480
16726234603758,2343811
16726237363917,4961661
16726239781636,3597389
16726242456046,6405438
16726244998582,4672340
16726247443122,7209772
16726249845971,5537609
16726252454251,4248119
16726254918737,6727148
16726257459932,5298914
16726260215254,3029612
16726262826949,5665238
16726265281860,3105465
16726268091985,6056303
16726270730040,4165214
16726273258429,2584151
16726275854918,9453537
16726278389228,2609557
16726280973765,5300972
16726283736119,3167719
16726286513914,5908801
16726289088479,4932059
16726291503589,7514656
16726294206708,6213339
16726296649825,4516461
16726299403993,7167092
16726302029801,6080184
16726304663963,4523223
16726307106577,7095956
16726309899291,5719788
16726312376601,3905299
16726314973539,6643403
16726317580888,5569841
16726319998275,3943005
16726322631666,6638299
16726325257796,4839173
16726328094004,3879060
16726330675546,6652807
16726333370718,5143048
16726335775217,7582629
16726338343834,6188362
16726340997773,4751318
16726343502672,7283768
16726346091070,6119328
16726348734562,4241406
16726351183933,6850843
16726353990525,5831674
16726356695811,4482499
16726359192945,7005410
16726361999343,5734788
16726364656220,4496895
16726367342029,7369227
16726370024704,6013896
16726372779868,4569769
16726375309098,7151751
16726377992571,5966951
16726380731344,4454320
16726383310571,7085341
16726385884129,5834335
16726388355659,8419210
16726390863609,6733224
16726393406927,5491835
16726395848003,2558280
16726398566214,5381989
16726401251354,5005384
16726403678103,7656923
16726406467502,6433416
16726409030502,4656504
16726411983060,2399229
16726414659606,5075744
16726417331673,3315052
16726420142089,6228992
16726422900512,3881077
16726425433673,6572419
16726428137914,5920088
16726430766908,8795841
16726433394373,7352582
16726435991718,6076389
16726438604072,8649380
16726441057780,6932132
16726443522129,4529546
16726446604675,2498655
16726449163995,4964199
16726451480684,3198269
16726454086746,5896793
16726456687841,4390504
16726459202129,6918690
16726461927583,5925284
16726464377340,3879622
16726467096496,2561777
16726469900509,5098839
16726472537921,7791414
16726475240121,7024497
16726477970749,5939910
16726480599053,4354903
16726483221157,7009989
16726486090605,6149568
16726488709300,8909777
16726491407225,7550366
16726494059848,5980923
16726496544582,8656860
16726499072551,7113908
16726501514187,5444396
16726503969756,3567211
16726506597808,6367391
16726509138285,4590969
16726511669896,7166005
16726514301484,6269211
16726516915886,4609590
16726519399978,7269016
16726521989417,5813866
16726524696726,4462712
16726527258448,7110973
16726529814149,5766393
16726532211624,4246388
16726535258149,2444241
16726538027096,5101994
16726540602793,4329656
16726543046481,7002766
16726545531335,5449893
16726548247480,8135039
16726550610542,6430298
16726553170418,4978485
16726555661617,7571324
16726558170908,6101587
16726560833385,4623177
16726563290554,7114939
16726565860885,5677962
16726568481632,4542111
16726570964520,2870983
16726573523521,5450409
16726575957838,3806421
16726578854511,2473058
16726581464750,4977225
16726584139126,7694716
16726587019678,6751091
16726589556018,4805783
16726592032733,7310150
16726594567722,5802435
16726597128067,4954696
16726599602846,7455812
16726602222564,6026686
16726604601949,4083232
16726607308963,6820776
16726609859759,4660658
16726612270276,2440052
16726614909973,4773790
16726617425388,3261403
16726619971141,5841801
16726622465494,3785278
16726624854939,6332168
16726627600772,4740033
16726630238715,3197825
16726632882028,5887167
16726635416346,3424981
16726638115230,6127017
16726640721166,4611783
16726643213467,7234051
16726645842397,5904079
16726648417424,4376398
16726650814395,6817085
16726653386501,5340985
16726655913199,3645582
16726658431059,2459084
16726660958238,8824780
16726669537618,3404507
16726672354167,12484099
16726674802718,5051684
16726677430545,7696728
16726680187465,10459103
16726682585176,6163294
16726685260704,8936415
16726687855966,15537549
16726690575162,18271262
16726693019097,8788746
16726695429200,15472078
16726697996551,5833012
16726700474083,4535164
16726702950230,7059918
16726705584827,5743883
16726708012489,3925822
16726710770116,6783691
16726713425517,5132885
16726715905117,3792135
16726718356246,6377897
16726720868756,4739386
16726723329945,3450018
16726726127664,6215296
16726728671184,4404783
16726731294044,7048772
16726734058025,6087732
16726736688191,4386686
16726739328083,7159777
16726741883102,5220250
16726744454429,4595548
16726746945741,7108357
16726749622012,5705941
16726752224405,3434086
16726754732102,5989989
16726757234171,4749133
16726759664086,7210520
16726762232069,5705698
16726764768068,4483094
16726767284086,2347898
16726769891711,9719655
16726772311364,2474253
16726774996757,5198805
16726777449598,3616834
16726780244519,6427841
16726782850333,4859874
16726785413442,7631263
16726788086183,5826437
16726790633166,4434551
16726793020740,6973272
16726795531393,5593223
16726798253124,4287480
16726800758755,6821397
16726803404949,5449298
16726806006660,3599954
16726808499514,6290287
16726810982399,4195057
16726813456909,6802256
16726816003093,5762003
16726818623809,4531402
16726821310730,7107105
16726823990661,5861389
16726826860197,4737990
16726829399526,7313505
16726832228303,5807590
16726834887740,4668167
16726837511008,7341735
16726840025420,5854029
16726842613077,8602654
16726845263702,7287359
16726848117921,6063371
16726850636662,4389451
16726853201158,6997313
16726855778801,4890034
16726858664810,4265979
16726861066859,6714140
16726863682454,5446100
16726866463180,8411202
16726868766305,6953947
16726871367199,5358395
16726874052977,3843976
16726876674555,6501057
16726878976387,3547974
16726881775740,6192358
16726884180960,3895916
16726887064942,6776441
16726889727912,5273322
16726892289233,4251192
16726894841952,6815722
16726897484148,5583243
16726900131619,4096282
16726902613439,6613835
16726905187137,5214066
16726907603775,3645061
16726910967904,2461451
16726913540472,4811476
16726915921614,7256694
16726918530606,6222327
16726921212467,4457721
16726923723624,7059574
16726926409351,6294712
16726929006939,4894006
16726931700090,7736364
16726934400386,6029193
16726937104124,4736021
16726939523359,7173213
16726942114895,5523311
16726944723147,4080333
16726947072008,6611680
16726949704266,5658565
16726952258333,3461870
16726954691587,5933606
16726957470475,5083942
16726959841248,3691029
16726962302056,6359021
16726964958286,4843883
16726967478477,2873785
16726969994815,5468708
16726972550736,3944020
16726974922449,6466228
16726977664550,5278860
16726980198370,3751420
16726982749014,6333477
16726985185730,4532260
16726987701683,2544112
16726990349039,4903276
16726992818153,2742934
16726995435868,5480446
16726997931509,3794457
16727000520521,6420772
16727003016588,4647300
16727005482528,3369609
16727008150671,6082734
16727010836546,4428820
16727013364797,3142736
16727016008590,5944073
16727018694206,4452075
16727021191347,7068379
16727023991047,5857723
16727026658474,4541987
16727029353621,7282615
16727032046222,5805935
16727034577373,4290258
16727037268572,7140680
16727039947089,5120773
16727042708116,4308285
16727045178058,7027148
16727047747018,5201083
16727050230790,7693456
16727052559508,6573018
16727055160462,5170602
16727058005392,2356960
16727060503477,4747848
16727062979072,2737183
16727065612655,5510079
16727068126931,4017945
16727070655351,6609464
16727073325477,5326052
16727075840213,3577321
16727078308011,6057409
16727081069861,4962973
16727083585222,3592927
16727086433236,6091900
16727089069343,4649133
16727091681378,7448826
16727094294952,6080416
16727096875942,4626315
16727099381178,7154127
16727101922195,5892888
16727104546714,4315767
16727107015667,6806302
16727109569903,5369507
16727112029148,3760629
16727114655494,6399527
16727117354272,4520977
16727119787989,3504251
16727122323589,5871529
16727124916226,4845916
16727127432714,3214423
16727130038756,5848791
16727132585368,3943434
16727135191593,6570795
16727137992930,5550457
16727140632626,4318098
16727143076513,6914302
16727145516260,5393544
16727148107947,3625398
16727150729711,5989013
16727153452384,5286399
16727155897736,7785523
16727158644407,6225285
16727161147303,4622622
16727163532957,7323199
16727166249542,5725408
16727168868778,4705063
16727171490430,7337174
16727174204676,6242299
16727176991190,4850658
16727179525813,7487805
16727182187967,5955025
16727184862351,4586081
16727187537884,7369062
16727190294308,6179185
16727192853244,4579831
16727195266162,7082154
16727198053214,5756815
16727200632683,4131003
16727202908285,6655306
16727205483935,5585131
16727207972020,8095186
16727210636458,6467854
16727213307630,4651836
16727215861037,3233360
16727218447373,6035800
16727221161163,4701415
16727223674911,7251577
16727226527209,6207696
16727229011695,4925792
16727231426273,7381983
16727234073216,6118525
16727236576926,4158717
16727239011254,6695385
16727241572055,5240047
16727244221815,4201748
16727246645951,6761289
16727249305912,5264829
16727251896666,3492137
16727254538673,6226227
16727257159748,5141480
16727259778504,3706265
16727262396071,6135296
16727265077638,4868193
16727267562814,7528211
16727270328960,6471361
16727273041976,5032587
16727275532267,7668764
16727278423613,6347938
16727281155518,4556571
16727283718095,7145907
16727286487408,6337965
16727289146495,9174509
16727291676138,7524893
16727294336671,6307720
16727297036191,3671653
16727299905329,6550733
16727302470155,4404241
16727304818826,7035531
16727307615561,5824549
16727310374072,4365502
16727312908068,7112764
16727317216258,2610063
16727320060616,5369794
16727322818951,4857845
16727325399855,7496945
16727328156496,6057366
16727330762602,4887370
16727333372299,2927932
16727336083980,5903166
16727339065357,5074434
16727341722707,2899388
16727344439623,5890639
16727347272094,4686961
16727349757817,7275194
16727352255768,5604765
16727355099428,8579422
16727357681854,6851606
16727360101650,5873137
16727362839201,8679436
16727365250303,7100883
16727367956327,5529453
16727370552523,4263233
16727373224939,7160321
16727376082363,6031589
16727378589693,4432182
16727381022183,6978704
16727383646814,5652035
16727386006524,3937411
16727389050949,2613103
16727391603533,5104606
16727394289878,4136521
16727396832127,2965361
16727400710155,2570957
16727403492169,5240192
16727406192948,4026647
16727408756091,6688659
16727413718633,2673625
16727416377419,5078466
16727418806909,7513495
16727421394148,10235427
16727424073294,8632760
16727426559753,6557982
16727429111170,9273480
16727431827022,7636736
16727434444252,6309917
16727437158298,9033674
16727439697273,3623478
16727442845226,2545877
16727445468224,5124750
16727448256305,7860878
16727450891034,6792786
16727453500218,5498142
16727456188662,8106010
16727458975447,6765764
16727461496506,4410992
16727464279920,7155744
16727467062517,5213509
16727469690245,3427991
16727472340003,6170111
16727475070137,4553406
16727477855563,7362559
16727480635756,4959927
16727483162091,7604446
16727485925847,5591295
16727488746899,8560431
16727491342077,7332202
16727494027588,5755662
16727496882571,8754887
16727499399516,7053286
16727502187881,6080124
16727504892969,4946324
16727507425679,3520820
16727510667767,2549239
16727513410209,5157646
16727515956113,3818445
16727518855698,2592524
16727521670500,9646205
16727524334073,3939484
16727527078411,6845554
16727529895387,5290543
16727532584134,8033660
16727535214544,6299825
16727537902570,9081993
16727540745380,8389752
16727543369354,7304608
16727546071980,5815635
16727548833091,8596130
16727551431794,7198470
16727554129118,5959308
16727556951419,4231290
16727559623142,7004237
16727562263518,5543630
16727565062309,8289534
16727567648665,7434174
16727570378334,5936596
16727573131422,4774977
16727575721160,7393329
16727578415329,5784853
16727581182455,8714250
16727583964673,7683442
16727586795834,6571036
16727589524454,5257855
16727592136522,7956639
16727595033145,6418966
16727597765344,5117263
16727600370589,7893224
16727603086949,6787463
16727605741887,9463049
16727608494537,7938227
16727611186068,6907309
16727613901014,5639687
16727616462485,4037650
16727619150829,2453360
16727621812511,5003573
16727624279355,3955502
16727627180261,2611753
16727630017912,5366641
16727632685059,4466327
16727635418673,7339789
16727638166528,5186935
16727640909487,7991414
16727643460141,7212730
16727652735120,12414848
16727655279300,15106985
16727657807408,7798941
16727660355110,10368705
16727662938864,12977331
16727665362909,7267109
16727667904835,9842811
16727670421000,15162408
16727673037226,11095654
16727675545236,13629006
16727678534932,2465541
16727681270931,5109324
16727684111589,4121647
16727686697065,6841434
16727689354896,5330384
16727691877555,7924655
16727694397222,2365120
16727697045607,9182529
16727699586771,7468366
16727702294447,6487928
16727705077448,4950649
16727707650526,7545286
16727710456394,6548331
16727713082003,4915043
16727715703229,3507632
16727718301213,6149900
16727720896935,4808091
16727723322245,2925864
16727725963278,5586467
16727728537916,4565697
16727731149948,3160562
16727735126931,2560639
16727737788792,5078482
16727740487858,7780002
16727743119568,6430474
16727745817285,5815209
16727748442578,8469916
16727751005435,6492505
16727753714934,9214279
16727756335810,8074114
16727758803384,6605263
16727761518623,5414707
16727764169091,3950870
16727766726236,6617006
16727769468069,5506596
16727772051212,3988952
16727774734265,6707000
16727777471694,4782165
16727780049774,3691704
16727782836593,6308375
16727785468311,4221193
16727788233559,7030626
16727790937570,4619675
16727793610656,7292248
16727796104867,6170498
16727798835464,8983421
16727801526386,7754574
16727804728085,2515468
16727807455601,5038883
16727809998656,3819813
16727812582112,6527417
16727815360135,5053652
16727817812595,3861410
16727820628582,2505315
16727823354644,5239205
16727826183963,3128493
16727828833032,2624766
16727831540500,8707514
16727834400323,8089172
16727837013285,6761895
16727839727497,5461194
16727842307594,8151735
16727845012337,6885117
16727847615780,5374280
16727850467277,8135836
16727852884103,6526154
16727855647617,12815001
16727858466749,8231794
16727861122966,6469523
16727863798102,5569681
16727866563313,10474749
16727869089389,6902338
16727871763934,5380071
16727874518742,8074117
16727877365676,6518498
16727880125289,3902926
16727882888891,2798111
16727885559343,9594326
16727888142680,3904274
16727890895570,2467528
16727893509584,5011609
16727896115536,3934673
16727898810974,2818579
16727901508641,5545254
16727904097564,3629742
16727906795445,2501449
16727911513726,2809470
16727914222857,5207768
16727916833140,7843545
16727919392832,6926746
16727922185485,9724102
16727924797206,8442661
16727927533432,7317454
16727930234979,10042960
16727932953321,9046873
16727935470876,7588210
16727938388868,6464892
16727941104627,4518639
16727943796252,7198354
16727946496026,6169460
16727949282419,8989394
16727951783919,7807641
16727954613429,6508370
16727957306882,9225769
16727959798261,7454612
16727962657604,6121963
16727965398028,8876537
16727967884519,7644285
16727970581598,6101239
16727973208702,4953230
16727975763646,7554446
16727978343762,6011022
16727981027463,4680513
16727983662440,7345673
16727986427163,6204980
16727989156768,5063044
16727991730713,7662130
16727994303825,6422132
16727997153387,4991435
16727999568744,3316122
16728002719185,2500392
16728005465103,5055847
16728008070785,3964899
16728010727073,6635732
16728013414179,5588753
16728015896416,3856037
16728018845261,2462399
16728021657914,5192006
16728024372148,4071043
16728027045988,6765845
16728029802099,5735371
16728032333459,8376345
16728035225104,6373408
16728037946137,3911331
16728040584301,6689726
16728043214920,5232641
16728045948065,7898192
16728048528065,5820896
16728051235605,4875606
16728053754464,7496166
16728056457595,5884211
16728059025723,3596408
16728061584354,6248322
16728064432193,3990712
16728067098917,2716454
16728069750016,5467753
16728072340223,8063551
16728074897356,6609323
16728077716196,5112626
16728080257371,7712468
16728083053037,7002001
16728085711589,5056074
16728088608145,7916717
16728091144582,7086948
16728093817275,5586570
16728096469867,8367841
16728099453535,2512996
16728102207138,5131639
16728104929822,4695567
16728107471744,3062012
16728110271582,5818266
16728113081270,4770332
16728115524242,3229612
16728118369527,6121640
16728121096018,4764769
16728123693740,3150959
16728126249318,5789426
16728129017727,8508011
16728131679383,7490353
16728134330557,6375746
16728137201642,4578704
16728139846875,7237901
16728142559711,6330806
16728145144138,9130224
16728147949791,7597875
16728150524004,6381904
16728153352629,9146428
16728156053717,3698074
16728158739847,6435134
16728161457510,5450279
16728164171687,8280273
16728166861735,6701692
16728169472729,5360460
16728172234426,8065150
16728174860296,2599147
16728177600662,9798268
16728180360403,8018304
16728183016108,6188472
16728185727329,5578205
16728188445525,8326847
16728190965864,6784773
16728193604056,5424524
16728196179259,8033934
16728199874973,2461075
16728202425655,4947415
16728205286226,3080099
16728207972465,5798342
16728210717134,4778312
16728213217026,3238462
16728216043281,6040973
16728218796280,4499650
16728221372885,3158578
16728223990014,5929301
16728226532236,8540103
16728229236776,2490205
16728231840909,9380425
16728234668239,7798134
16728237284663,6877059
16728240066858,5884367
16728242830193,4046813
16728245407153,6716331
16728248058646,5853000
16728250750333,8717669
16728253333914,7257673
16728255962406,5707813
16728258544066,8385062
16728261170724,6897909
16728263892888,5687453
16728266555137,4559149
16728269080889,7250702
16728271900177,6047888
16728274542298,4442295
16728277080025,7156362
16728279733626,5542834
16728282349005,8245728
16728285040206,6785934
16728287805550,4942950
16728290533365,7804510
16728293124812,6920003
16728295793606,5553388
16728298346186,8198909
16728301138191,7064286
16728303812731,4975333
16728306518352,7709023
16728309080459,6767601
16728311815319,5382403
16728314471246,8127934
16728317155939,6886514
16728319847175,5571660
16728322548610,8406293
16728325109854,7115640
16728327941921,5415610
16728330629019,4462860
16728333276139,7221939
16728336007725,5878129
16728338677872,4340259
16728341456494,7075885
16728344178086,5679678
16728347004383,8602433
16728349647242,7321835
16728352382233,6206606
16728355051602,9079890
16728357771575,7401549
16728360449952,6368309
16728363138428,9079010
16728365720253,7398689
16728368494980,6100225
16728371195265,8807538
16728373852528,7169285
16728376594023,6004506
16728379196121,8761941
16728381945266,6543684
16728384523685,4356782
16728387212532,7052673
16728389982119,5666583
16728392663788,4455140
16728395176570,7075652
16728398092832,5784638
16728400862385,4691365
16728403520307,7470555
16728406241974,5800321
16728408981800,8574954
16728411549177,7156457
16728414253722,5618794
16728416889806,8257711
16728419467723,7047428
16728422126221,5963568
16728424820998,4390314
16728427428652,7032475
16728430190693,5779320
16728433043292,4541591
16728435625769,7219263
16728438425253,6152974
16728441055413,8861233
16728443690864,11621966
16728446357763,5892532
16728449021459,8516632
16728451592055,7439141
16728454297693,6002162
16728456978755,4997765
16728459661361,7639100
16728462394001,5928569
16728465210482,4528819
16728467839369,7268881
16728470532572,6327343
16728473332367,5075042
16728475851746,7706711
16728478698617,6582343
16728481387723,4741850
16728484009307,7501754
16728486766655,6714946
16728489527383,4649162
16728492050414,7289044
16728494600752,6380123
16728497303552,9057850
16728499877699,7473261
16728502572130,6219087
16728505347686,4238958
16728507954099,6875933
16728510433209,5964721
16728518610986,2630862
16728521277868,4996020
16728523916680,7647605
16728526543525,10507633
16728529311153,13225827
16728531891355,7500367
16728534534163,10246690
16728537346989,16919698
16728539910487,3241829
16728542698275,6140955
16728545434899,5190545
16728547981793,7819456
16728550727483,6506953
16728553507499,5173928
16728556024906,7796502
16728558863337,5812764
16728561548193,4982473
16728564096580,7603783
16728566849063,2529219
16728569537579,9305497
16728572232507,7718900
16728574873172,6623773
16728577569391,5201827
16728580201716,7815262
16728582885716,6710914
16728585696295,5370997
16728588336843,3932892
16728591077538,6753816
16728593769586,5101203
16728596514582,8063653
16728599137067,6832049
16728601853582,5578154
16728604535111,8196470
16728607149480,2610529
16728609888149,9533263
16728612507144,7837145
16728615081264,5729794
16728618479280,2584246
16728621281773,5294841
16728623887568,3465434
16728626606343,6284099
16728629375741,5182372
16728631980557,7834642
16728634755774,6575594
16728637433467,9372055
16728640175463,7340346
16728649062197,6421503
16728651961599,15687620
16728654688715,5371371
16728657293503,8002606
16728660026431,19829950
16728662819962,8153072
16728665281597,10625150
16728667786663,5790633
16728670407587,8444191
16728672979556,15082593
16728675610858,17750520
16728678321686,8066930
16728680976394,2496450
16728683700010,9869806
16728686499515,4212193
16728689113429,6843384
16728691827254,5511080
16728694545128,8369907
16728697255818,7312009
16728699870392,5559840
16728702598084,8313310
16728705339477,10534713
16728708079468,5912858
16728710706653,3352084
16728713470769,6192317
16728716219347,4190081
16728718823491,6937189
16728721504948,5376695
16728724111529,8085659
16728726815332,6843529
16728729489326,5114775
16728732066560,7717189
16728734819222,6662143
16728737488364,5131071
16728740079808,7756302
16728742878949,6313325
16728745584064,4515696
16728748330110,7950420
16728750956467,6734674
16728753687215,5669329
16728756435817,8455960
16728759046757,6561560
